1=14,15,70,76,92,104,148,156,164,182,188,202,203,207,213,214,216,218,237,241,249,263,290,331,363,412,445,447
2=14,15,70,76,92,104,148,156,164,182,188,202,203,207,213,214,216,218,237,241,249,263,290,331,363,412,445,447
3=14,15,46,63,70,76,89,92,104,148,156,164,182,188,202,203,207,213,214,216,218,237,241,249,263,290,331,363,412,416,431,445,447
4=14,15,53,70,91,92,104,126,156,157,164,182,203,207,213,214,216,218,231,237,241,249,261,263,264,280,290,315,317,332,337,363,374,421,445
5=14,15,53,70,91,92,104,126,156,157,164,182,203,207,213,214,216,218,231,237,241,249,261,263,264,280,290,315,317,332,337,363,374,421,445
6=14,15,19,46,53,63,70,76,89,91,92,104,126,156,157,164,182,203,207,211,213,214,216,218,231,237,241,249,261,263,264,280,290,315,317,332,337,355,363,374,406,411,416,421,432,445
7=57,58,59,70,91,92,104,127,156,164,182,203,207,213,214,216,218,231,237,240,249,250,258,263,264,280,290,317,352,360,362,363,374,445
8=57,58,59,70,91,92,104,127,156,164,182,203,207,213,214,216,218,231,237,240,249,250,258,263,264,280,290,317,352,360,362,363,374,445
9=46,57,58,59,63,70,89,91,92,104,127,156,157,164,182,203,207,213,214,216,218,231,237,240,249,250,258,263,264,280,290,317,352,360,362,363,374,411,416,419,430,431,445
12=63,76,92,94,104,138,148,156,164,168,182,202,203,207,213,214,216,218,219,237,240,241,244,247,263,285,290,318,332,355,363,369,412,416,432,445
15=14,15,63,76,92,104,148,156,164,168,182,188,202,203,206,207,213,214,216,218,237,241,249,263,280,290,318,332,355,363,369,371,398,404,416,432,445
16=19,92,104,156,164,168,182,203,207,211,213,214,216,218,237,240,241,263,290,332,355,363,365,369,432,445
17=19,92,104,156,164,168,182,203,207,211,213,214,216,218,237,240,241,263,290,332,355,363,365,369,432,445
18=19,63,92,104,156,164,168,182,203,207,211,213,214,216,218,237,240,241,263,290,332,355,363,365,369,416,432,445
19=15,58,59,85,86,87,91,92,104,156,164,168,182,203,207,213,214,216,218,231,237,240,241,247,249,263,269,290,351,363,365,369,445,447,451
20=14,15,46,58,59,63,70,85,86,87,91,92,104,156,164,168,182,203,207,213,214,216,218,231,237,240,241,247,249,263,269,290,351,363,365,369,416,445,447,451
21=19,92,104,156,164,168,182,203,207,211,213,214,216,218,237,240,241,263,290,332,355,363,365,369,432,445
22=19,63,92,104,156,164,168,182,203,207,211,213,214,216,218,237,240,241,263,290,332,355,363,365,369,416,432,445
23=70,89,91,92,104,156,157,164,168,182,188,202,203,207,213,214,216,218,231,237,240,241,259,263,289,290,317,363,371,398,399,445
24=63,70,89,91,92,104,156,157,164,168,182,188,202,203,207,213,214,216,218,231,237,240,241,259,263,289,290,317,363,371,398,399,416,445
25=70,85,86,87,91,92,104,113,148,156,164,182,203,207,213,214,216,218,231,237,240,249,263,264,280,290,351,363,374,445,447,451
26=63,70,85,86,87,91,92,104,113,148,156,164,168,182,203,207,213,214,216,218,231,237,240,249,263,264,280,290,351,363,374,411,416,445,447,451
27=14,15,70,89,91,92,104,156,157,164,168,182,201,203,207,213,214,216,218,231,237,241,249,263,264,280,290,317,332,360,363,374,398,404,421,431,445,446
28=14,15,63,70,89,91,92,104,156,157,164,168,182,201,203,207,213,214,216,218,231,237,241,249,263,264,280,290,317,332,360,363,374,398,404,411,416,421,431,444,445,446
29=15,58,59,70,85,87,91,92,104,156,164,168,182,188,203,207,213,214,216,218,231,237,240,241,249,263,290,332,351,352,363,398,421,445
30=15,58,59,70,85,87,91,92,104,156,164,168,182,188,203,207,213,214,216,218,231,237,240,241,249,263,290,332,351,352,363,398,421,445
31=15,46,53,57,58,59,63,70,85,87,89,91,92,104,126,156,157,164,168,182,188,201,203,207,213,214,216,218,231,237,240,241,247,249,250,259,263,264,269,280,290,317,332,351,352,363,374,398,406,411,416,419,421,431,444,445,446
32=15,58,59,70,85,87,91,92,104,156,164,168,182,188,203,207,213,214,216,218,231,237,240,241,249,263,290,351,352,363,398,421,445
33=15,58,59,70,85,87,91,92,104,156,164,168,182,188,203,207,213,214,216,218,231,237,240,241,249,263,290,351,352,363,398,421,445
34=15,46,53,57,58,59,63,70,85,87,89,91,92,104,126,156,157,164,168,182,188,201,203,207,213,214,216,218,231,237,240,241,247,249,250,259,263,264,269,280,290,317,351,352,363,374,398,406,411,416,419,421,431,444,445,446
35=53,58,59,70,76,85,86,87,91,92,94,104,113,115,126,138,148,156,164,182,203,207,213,214,216,218,219,231,237,240,241,244,247,249,263,264,278,280,289,290,347,351,352,363,374,409,445,446,447,451
36=53,58,59,63,70,76,85,86,87,91,92,94,104,113,115,126,138,148,156,164,182,203,207,213,214,216,218,219,231,237,240,241,244,247,249,263,264,278,280,289,290,347,351,352,363,374,409,411,416,445,446,447,451
37=46,53,91,92,104,126,156,164,182,203,207,213,214,216,218,219,231,237,241,244,261,263,290,315,363,371,399,445
38=46,53,63,76,91,92,104,126,138,156,164,182,203,207,213,214,216,218,219,231,237,241,244,261,263,290,315,347,363,371,399,416,445
39=53,58,59,70,76,85,86,87,91,92,94,104,113,115,126,138,148,156,164,182,203,207,213,214,216,218,219,237,240,241,244,247,263,264,278,280,289,290,351,352,360,363,374,409,445,446,447,451
40=53,58,59,63,70,76,85,86,87,91,92,94,104,113,115,126,138,148,156,164,182,203,207,213,214,216,218,219,237,240,241,244,247,263,264,278,280,289,290,351,352,360,363,374,409,411,416,445,446,447,451
41=19,92,104,156,164,168,182,188,202,203,207,211,213,214,216,218,237,240,241,247,259,263,269,289,290,332,355,363,365,369,371,432,445
42=19,63,92,104,156,164,168,182,188,202,203,207,211,213,214,216,218,237,240,241,247,259,263,269,289,290,332,355,363,365,369,371,416,432,445
43=14,15,76,92,104,148,156,164,182,188,202,203,207,213,214,216,218,237,241,263,290,331,363,412,445,447
44=14,15,76,92,104,148,156,164,182,188,202,203,207,213,214,216,218,237,241,263,290,331,363,374,409,412,445,447
45=14,15,63,76,92,104,148,156,164,182,188,202,203,207,213,214,216,218,237,241,263,290,331,363,374,409,412,416,445,447
46=14,15,76,91,92,104,148,156,164,168,182,188,202,203,206,207,213,214,216,218,237,241,249,263,280,290,331,332,363,404,412,445,447
47=14,15,63,76,91,92,104,148,156,164,168,182,188,202,203,206,207,213,214,216,218,237,241,249,263,280,290,331,332,363,404,412,416,445,447
48=76,92,94,104,148,156,164,168,182,188,202,203,207,213,214,216,218,237,241,263,285,290,363,445
49=63,76,92,94,104,148,156,164,168,182,188,202,203,207,213,214,216,218,237,241,263,285,290,318,332,355,363,369,412,416,432,445
50=15,89,91,92,104,156,157,164,168,182,188,201,203,207,213,214,216,218,237,241,249,263,290,317,332,363,421,445,446
51=15,63,89,91,92,104,156,157,164,168,182,188,201,203,207,213,214,216,218,237,241,249,263,290,317,332,363,416,421,444,445,446
52=15,85,87,91,92,104,138,148,156,164,168,182,203,207,213,214,216,218,231,237,240,241,244,247,259,263,269,289,290,332,351,352,363,369,371,399,421,445
53=15,46,63,85,87,91,92,104,138,148,156,164,168,182,203,207,213,214,216,218,231,237,240,241,244,247,259,263,269,289,290,332,351,352,363,369,371,373,399,416,421,445
54=57,58,59,70,91,92,94,104,127,148,156,164,182,203,207,213,214,216,218,231,237,240,244,249,250,258,263,264,280,290,332,347,352,362,363,374,421,445
55=57,58,59,63,70,91,92,94,104,127,148,156,164,182,203,207,213,214,216,218,231,237,240,244,249,250,258,263,264,280,290,332,347,352,362,363,374,411,416,421,431,445
56=70,85,87,89,91,92,104,156,157,164,168,182,203,207,213,214,216,218,231,237,240,241,249,263,264,269,280,290,315,317,332,339,363,369,371,374,398,411,431,445
57=63,70,85,87,89,91,92,104,156,157,164,168,182,203,207,213,214,216,218,231,237,240,241,249,263,264,269,280,290,315,317,332,339,363,369,371,374,398,411,416,431,444,445
58=46,53,70,91,92,104,126,156,164,168,182,203,207,213,214,216,218,231,237,241,249,261,263,290,315,332,363,445
59=46,53,63,70,76,91,92,104,126,156,164,168,182,203,207,213,214,216,218,231,237,241,249,261,263,290,315,332,363,406,416,431,445
60=57,58,59,91,92,94,104,127,156,164,168,182,203,207,213,214,216,218,237,240,250,258,263,290,352,363,445
61=57,58,59,70,89,91,92,94,104,127,156,164,168,182,203,207,213,214,216,218,237,240,249,250,258,263,264,280,290,352,363,374,445
62=57,58,59,63,70,89,91,92,94,104,127,156,157,164,168,182,203,207,213,214,216,218,237,240,249,250,258,263,264,280,290,317,339,352,363,371,374,398,411,416,431,445
63=86,92,94,104,113,115,138,148,156,164,168,182,203,207,213,214,216,218,219,231,237,240,241,244,247,259,263,264,269,278,285,289,290,347,351,363,373,374,409,412,433,445,447,451
64=86,92,94,104,113,115,138,148,156,164,168,182,203,207,213,214,216,218,219,231,237,240,241,244,247,259,263,264,269,278,285,289,290,347,351,363,373,374,409,412,433,445,447,451
65=63,86,92,94,104,113,115,138,148,156,164,168,182,203,207,213,214,216,218,219,231,237,240,241,244,247,259,263,264,269,278,285,289,290,347,351,363,373,374,409,411,412,416,433,445,447,451
66=53,70,89,91,92,104,126,156,157,164,168,182,203,207,213,214,216,218,237,240,241,249,263,264,280,290,317,339,363,371,374,398,411,431,445
67=53,70,89,91,92,104,126,156,157,164,168,182,203,207,213,214,216,218,237,240,241,249,263,264,280,290,317,339,363,371,374,398,411,431,445
68=53,63,70,89,91,92,104,126,156,157,164,168,182,203,207,213,214,216,218,237,240,241,249,263,264,280,290,317,339,363,371,374,398,411,416,431,444,445
69=14,15,76,92,104,148,156,164,168,182,188,202,203,207,213,214,216,218,237,241,263,290,331,363,412,445,447
70=14,15,76,92,104,148,156,164,168,182,188,202,203,207,213,214,216,218,237,241,263,290,331,363,412,445,447
71=14,15,63,76,92,104,148,156,164,168,182,188,202,203,207,213,214,216,218,237,241,263,290,331,363,412,416,445,447
72=14,15,57,58,59,92,104,127,156,164,168,182,188,202,203,207,213,214,216,218,237,240,250,258,263,290,352,362,363,371,398,445
73=14,15,57,58,59,63,92,104,127,156,164,168,182,188,202,203,207,213,214,216,218,237,240,250,258,263,290,352,362,363,371,398,416,445
74=53,70,89,91,92,104,126,153,156,157,164,182,201,203,207,213,214,216,218,237,241,249,263,264,280,290,317,360,363,374,397,431,444,445,446
75=53,70,89,91,92,104,126,153,156,157,164,182,201,203,207,213,214,216,218,237,241,249,263,264,280,290,317,360,363,374,397,431,444,445,446
76=46,53,63,70,89,91,92,104,126,153,156,157,164,182,201,203,207,213,214,216,218,237,241,249,263,264,280,290,317,360,363,374,397,411,416,431,444,445,446
77=53,70,76,92,104,126,156,164,182,203,207,213,214,216,218,231,237,241,261,263,290,315,363,445
78=53,63,70,76,92,104,126,156,164,182,203,207,213,214,216,218,231,237,241,261,263,290,315,363,398,416,445
79=53,57,58,59,70,86,89,91,92,94,104,113,126,138,148,156,164,182,203,207,213,214,216,218,219,231,237,240,241,244,247,250,258,263,278,285,290,347,352,362,363,433,445,447
80=53,57,58,59,63,70,86,89,91,92,94,104,113,126,138,148,156,164,182,203,207,213,214,216,218,219,231,237,240,241,244,247,249,250,258,263,264,278,280,285,290,347,352,362,363,374,409,411,416,419,433,445,447
81=85,86,87,92,104,113,115,148,153,156,164,182,203,207,214,216,218,237,240,241,244,263,278,290,351,360,363,430,451
82=63,85,86,87,92,104,113,115,148,153,156,164,182,203,207,214,216,218,237,240,241,244,263,278,290,351,360,363,416,430,451
83=14,15,19,92,104,156,164,168,182,203,206,207,211,213,214,216,218,231,237,241,244,263,290,332,355,363,365,369,398,432,445
84=19,92,104,156,164,168,182,203,207,211,213,214,216,218,237,241,263,290,332,355,363,365,445
85=19,63,92,104,156,164,168,182,203,207,211,213,214,216,218,237,241,259,263,269,290,332,355,363,365,371,416,445
86=57,58,59,92,104,127,156,164,168,182,203,207,213,214,216,218,219,237,240,250,258,263,290,352,362,363,374,445
87=57,58,59,63,92,104,127,156,164,168,182,203,207,213,214,216,218,219,237,240,250,258,263,290,352,362,363,374,416,419,445
88=53,70,85,87,91,92,104,126,153,156,157,164,168,182,188,202,203,207,213,214,216,218,237,240,241,247,259,263,269,290,317,351,363,371,374,398,445
89=53,63,70,85,87,91,92,104,126,153,156,157,164,168,182,188,202,203,207,213,214,216,218,237,240,241,247,249,259,263,264,269,280,290,317,351,363,371,374,398,399,411,416,445
90=57,58,59,92,104,153,156,164,182,203,207,213,214,216,218,237,240,250,258,263,290,352,362,363,371,445
91=57,58,59,63,92,104,153,156,164,182,203,207,213,214,216,218,237,240,250,258,259,263,290,352,362,363,371,398,416,419,445
92=85,92,94,104,138,153,156,164,168,182,188,202,203,207,213,214,216,218,237,240,241,244,247,259,261,263,269,285,289,290,363,371,373,399,412,433,445
93=85,92,94,104,138,153,156,164,168,182,188,202,203,207,213,214,216,218,237,240,241,244,247,259,261,263,269,285,289,290,363,371,373,374,398,399,412,421,433,445
94=63,70,85,87,92,94,104,138,153,156,164,168,182,188,202,203,207,213,214,216,218,237,240,241,244,247,249,259,261,263,264,269,280,285,289,290,363,371,373,374,398,399,409,411,412,416,421,433,445
95=46,70,89,91,92,104,153,156,157,164,182,201,203,207,213,214,216,218,231,237,241,244,249,259,263,269,290,317,360,363,371,397,406,430,431,444,445,446
96=86,92,94,104,113,115,138,148,156,164,168,182,203,207,213,214,216,218,219,237,240,241,244,247,259,263,264,269,278,280,285,289,290,347,363,374,409,433,445,447
97=63,86,92,94,104,113,115,138,148,156,164,168,182,203,207,213,214,216,218,219,237,240,241,244,247,259,263,264,269,278,280,285,289,290,347,363,374,409,411,416,433,445,447
98=14,15,57,58,59,70,91,92,104,156,157,164,168,182,203,206,207,213,214,216,218,237,240,249,250,258,263,280,290,317,352,362,363,374,404,445
99=14,15,57,58,59,63,70,91,92,104,156,157,164,168,182,203,206,207,213,214,216,218,237,240,249,250,258,263,280,290,317,352,362,363,374,404,416,445
100=85,86,87,92,104,113,148,153,156,164,168,182,203,207,214,216,218,237,240,259,263,269,290,351,360,363,451
101=63,85,86,87,92,104,113,148,153,156,164,168,182,203,207,214,216,218,237,240,259,263,269,290,351,360,363,416,451
102=14,70,76,92,94,104,113,115,138,148,153,156,164,168,182,188,202,203,207,213,214,216,218,237,241,244,263,285,290,331,363,412,433,445,447
103=14,63,70,76,92,94,104,113,115,138,148,153,156,164,168,182,188,202,203,207,213,214,216,218,237,241,244,263,285,290,331,363,412,416,433,445,447
104=14,53,58,59,70,89,91,92,104,126,156,157,164,168,182,201,203,206,207,213,214,216,218,231,237,241,249,263,264,280,290,317,332,363,374,431,445,446
105=14,53,58,59,63,70,89,91,92,104,126,156,157,164,168,182,201,203,206,207,213,214,216,218,231,237,241,249,263,264,280,290,317,332,363,374,411,416,431,444,445,446
106=70,89,92,104,156,157,164,168,182,203,207,213,214,216,218,237,240,241,249,263,264,280,290,317,339,363,374,398,411,431,444,445
107=70,89,92,104,156,157,164,168,182,203,207,213,214,216,218,237,240,241,249,263,264,280,290,317,339,363,374,409,411,431,444,445
108=14,15,53,57,58,59,63,70,76,85,87,89,91,92,104,126,138,156,157,164,168,182,201,203,207,213,214,216,218,231,237,240,241,244,247,249,250,263,264,280,290,317,351,352,363,374,416,431,445
109=53,85,87,92,104,126,148,153,156,164,168,182,188,203,207,213,214,216,218,237,240,241,247,259,261,263,269,290,351,360,363,371,399,445
110=53,63,85,87,92,104,126,148,153,156,164,168,182,188,203,207,213,214,216,218,237,240,241,247,259,261,263,269,290,351,360,363,371,399,416,445
111=14,46,53,58,59,70,85,87,89,91,92,104,126,156,157,164,168,182,201,203,207,213,214,216,218,231,237,240,241,249,263,290,317,351,363,371,397,398,406,431,444,445,446
112=14,15,46,53,57,58,59,63,70,85,87,89,91,92,104,126,156,157,164,168,182,201,203,207,213,214,216,218,231,237,240,241,249,250,263,264,280,290,317,351,363,371,374,397,398,406,411,416,419,421,431,444,445,446
113=53,58,59,63,70,76,85,86,87,89,92,94,104,113,126,138,148,156,157,164,182,201,203,207,213,214,216,218,219,231,237,240,241,244,247,249,258,263,264,278,280,285,289,290,317,347,351,352,363,374,409,416,431,445,446,447,451
114=14,15,63,76,92,104,115,148,156,164,168,182,188,202,203,207,213,214,216,218,237,241,244,249,263,290,331,351,363,412,416,445,447
115=15,46,53,57,58,59,63,70,76,85,87,89,91,92,104,126,156,157,164,168,182,201,203,207,213,214,216,218,231,237,240,241,247,249,250,258,263,264,280,290,317,332,351,352,363,374,409,411,416,419,421,431,445
116=57,58,59,92,104,127,156,164,182,203,207,213,214,216,218,237,240,250,258,263,290,352,362,363,406,430,445
117=57,58,59,63,92,104,127,156,164,182,203,207,213,214,216,218,237,240,250,258,263,290,352,362,363,406,416,430,445
118=57,58,59,92,104,127,156,164,182,203,207,213,214,216,218,237,240,250,258,263,290,352,363,398,445
119=57,58,59,63,92,104,127,156,164,182,203,207,213,214,216,218,237,240,250,258,263,290,352,363,398,416,445
120=57,58,59,85,86,87,92,94,104,113,115,127,148,156,164,182,203,207,214,216,218,237,240,244,250,258,263,278,290,352,360,362,363,430
121=57,58,59,63,85,86,87,92,94,104,113,115,127,138,148,156,164,182,203,207,214,216,218,237,240,244,250,258,263,278,285,290,352,360,362,363,416,419,430,433,447
122=63,76,85,86,87,92,94,104,113,115,138,148,156,164,168,182,203,207,213,214,216,218,219,237,240,241,244,247,259,263,264,269,278,280,285,289,290,332,347,351,363,371,374,409,411,412,416,433,445,447,451
123=14,15,63,92,104,156,164,168,182,203,206,207,211,213,214,216,218,237,240,241,249,263,280,290,318,332,355,363,369,404,416,432,445
124=58,59,63,92,94,104,113,115,138,148,156,164,168,182,203,207,213,214,216,218,237,240,244,247,258,259,263,264,269,278,280,285,290,347,352,363,371,374,409,411,412,416,419,433,445,447
125=63,70,85,86,87,92,94,104,113,148,156,164,168,182,203,207,213,214,216,218,231,237,240,249,263,264,280,290,351,363,374,411,416,431,445,451
126=53,63,70,92,94,104,126,156,164,168,182,203,207,213,214,216,218,231,237,241,249,261,263,264,280,290,315,363,374,411,416,431,445
127=14,15,63,70,89,91,92,104,156,157,164,168,182,203,206,207,213,214,216,218,237,240,241,249,263,264,280,290,317,339,363,374,404,411,416,431,444,445,446
128=53,57,58,59,63,70,76,85,87,89,92,104,126,156,157,164,182,201,203,207,213,214,216,218,231,237,240,241,249,250,263,290,317,351,352,363,371,416,431,444,445
130=46,53,57,58,59,63,70,85,86,87,89,92,104,126,127,156,164,182,201,203,207,213,214,216,218,237,240,249,250,258,259,263,269,290,352,362,363,371,399,406,416,419,444,445
131=46,57,58,59,63,70,85,87,92,94,104,127,138,156,164,182,203,207,213,214,216,218,219,231,237,240,249,250,258,263,290,351,352,362,363,406,416,419,445
133=91,92,104,156,164,182,203,207,213,214,216,218,231,237,240,241,247,263,290,363,445
134=46,57,58,59,63,70,91,92,104,127,156,164,182,203,207,213,214,216,218,231,237,240,241,247,249,250,258,263,290,352,362,363,416,445
135=46,63,70,85,86,87,91,92,104,113,148,156,164,182,203,207,213,214,216,218,231,237,240,241,247,249,263,290,351,363,416,445,451
136=46,53,63,70,91,92,104,126,156,164,182,203,207,213,214,216,218,231,237,240,241,247,249,261,263,290,315,363,416,445
137=58,59,63,76,85,86,87,92,94,104,138,148,156,164,168,182,203,207,214,216,218,231,237,240,241,244,247,263,278,290,332,351,363,416,433,451
138=57,58,59,92,104,127,156,157,164,168,182,201,203,207,213,214,216,218,237,240,249,250,258,263,290,317,352,360,362,363,397,445,446
139=57,58,59,63,92,104,127,156,157,164,168,182,201,203,207,213,214,216,218,237,240,249,250,258,263,290,317,352,360,362,363,397,416,431,444,445,446
140=57,58,59,91,92,104,127,156,157,164,168,182,201,202,203,207,213,214,216,218,237,240,249,250,258,263,290,317,352,362,363,397,445,446
141=14,15,57,58,59,63,91,92,104,127,156,157,164,168,182,201,202,203,207,213,214,216,218,237,240,249,250,258,263,280,290,317,332,352,362,363,397,404,416,431,444,445,446
142=19,46,53,63,70,89,92,104,126,156,157,164,168,182,201,203,207,211,213,214,216,218,231,237,240,241,249,259,263,269,290,317,332,337,355,363,371,397,406,416,432,444,445,446
143=53,57,58,59,63,70,76,85,87,89,92,94,104,126,156,157,164,182,201,203,207,213,214,216,218,237,240,241,247,249,250,263,264,278,280,290,317,351,352,363,374,411,416,431,445
144=19,46,58,59,63,92,104,115,156,164,182,201,203,207,211,214,216,218,237,240,241,249,258,263,290,332,352,355,363,365,369,416,419,432
145=19,46,63,85,86,87,92,104,113,148,156,164,182,201,203,207,211,214,216,218,237,240,241,249,263,290,332,351,355,363,365,369,416,432,451
146=19,46,53,63,76,92,104,126,156,164,182,201,203,207,211,214,216,218,219,237,240,241,249,261,263,290,315,332,355,363,365,369,416,432
147=53,57,58,59,63,85,86,87,92,104,126,127,156,164,182,203,207,213,214,216,218,219,231,237,240,241,250,258,263,290,351,352,363,406,445
148=53,57,58,59,63,85,86,87,92,104,126,127,156,164,182,203,207,213,214,216,218,219,231,237,240,241,250,258,263,290,351,352,363,406,445
149=15,19,46,53,57,58,59,63,70,85,86,87,89,92,104,126,127,156,157,164,182,201,203,207,211,213,214,216,218,219,231,237,240,241,249,250,258,263,264,280,290,317,332,337,351,352,355,363,374,406,411,416,432,444,445
150=53,58,59,63,70,76,85,86,87,89,92,94,104,113,115,126,138,148,156,157,164,182,201,203,207,214,216,218,219,231,237,240,241,244,247,249,258,259,261,263,264,269,278,280,285,289,290,317,332,339,347,351,352,363,373,374,398,409,411,412,416,419,431,433,444,447,451
151=14,15,19,46,53,57,58,59,63,70,76,85,86,87,89,91,92,94,104,113,115,126,127,138,148,153,156,157,164,168,182,188,201,202,203,206,207,211,213,214,216,218,219,231,237,240,241,244,247,249,250,258,259,261,263,264,269,278,280,285,289,290,315,317,318,331,332,337,339,347,351,352,355,360,362,363,365,369,371,373,374,397,398,399,404,406,409,411,412,416,419,421,430,431,432,433,444,445,446,447,451
152=14,15,76,92,104,113,115,148,156,164,182,202,203,207,213,214,216,218,219,231,237,241,263,290,331,363,412,445,447
153=14,15,70,76,92,104,113,115,148,156,164,182,202,203,207,213,214,216,218,219,231,237,241,249,263,290,331,363,412,445,447
154=14,15,63,70,76,89,92,104,113,115,148,156,164,182,202,203,207,213,214,216,218,219,231,237,241,249,263,290,331,363,412,416,431,445,447
155=15,53,91,92,104,126,156,164,182,203,207,213,214,216,218,237,241,261,263,290,315,332,363,445
156=15,46,53,70,91,92,104,126,156,164,182,203,207,213,214,216,218,237,241,249,261,263,264,280,290,315,332,363,445
157=15,46,53,63,70,76,89,91,92,104,126,156,157,164,182,203,207,213,214,216,218,237,241,249,261,263,264,280,290,315,317,332,360,363,374,411,416,421,431,445
158=14,15,57,58,59,91,92,104,127,156,157,164,182,203,207,213,214,216,218,231,237,240,250,258,263,264,280,290,317,332,352,363,374,421,445
159=14,15,46,57,58,59,70,91,92,104,127,156,157,164,182,203,207,213,214,216,218,231,237,240,249,250,258,263,264,280,290,317,332,352,363,374,421,445
160=14,15,46,57,58,59,63,70,89,91,92,104,127,156,157,164,182,203,207,213,214,216,218,231,237,240,249,250,258,263,264,280,290,317,332,337,352,363,374,406,411,416,419,421,431,445
161=15,53,57,58,76,85,91,92,104,156,164,168,182,203,207,213,214,216,218,231,237,240,241,247,250,263,264,280,290,351,352,363,369,374,421,445,447,451
162=15,53,57,58,59,63,70,76,85,87,91,92,104,156,164,168,182,203,207,213,214,216,218,231,237,240,241,247,249,250,263,264,280,290,351,352,363,369,374,411,416,421,445,447,451
163=19,92,94,104,115,138,156,164,168,182,203,207,211,213,214,216,218,237,240,241,244,247,263,278,290,318,332,355,363,365,432,445
164=19,63,92,94,104,115,138,156,164,168,182,203,207,211,213,214,216,218,237,240,241,244,247,263,278,290,318,332,355,363,365,416,432,445
165=14,76,91,92,104,113,115,148,156,164,168,182,202,203,207,213,214,216,218,219,237,241,263,264,280,290,318,332,355,363,369,374,409,445
166=14,63,70,76,91,92,104,113,115,148,156,164,168,182,202,203,207,213,214,216,218,219,237,241,249,263,264,280,290,318,332,355,363,369,374,409,411,416,445
167=76,91,92,94,104,148,156,164,168,182,188,202,203,207,213,214,216,218,237,241,263,290,363,398,445
168=63,76,91,92,94,104,148,156,164,168,182,188,202,203,207,213,214,216,218,237,241,263,290,363,398,416,445
169=19,63,92,104,156,164,168,182,188,202,203,207,211,213,214,216,218,237,240,241,247,259,263,269,289,290,332,355,363,365,369,371,399,404,416,432,445
170=57,58,59,85,86,87,92,104,127,148,156,164,182,203,207,213,214,216,218,237,240,250,258,263,290,351,352,362,363,445,451
171=57,58,59,63,85,86,87,92,104,127,148,156,164,182,203,207,213,214,216,218,237,240,250,258,263,290,351,352,362,363,416,445,451
172=85,86,87,92,104,113,148,156,164,182,203,207,213,214,216,218,231,237,240,263,290,351,363,374,445,447,451
173=53,76,86,91,92,94,104,113,115,126,138,148,156,164,182,203,207,213,214,216,218,219,231,237,240,241,244,247,263,278,290,351,352,363,374,445,447
174=53,76,86,91,92,94,104,113,115,126,138,148,156,164,182,203,207,213,214,216,218,219,237,240,241,244,247,263,278,290,351,352,363,374,445,447
175=53,76,86,92,94,104,113,115,126,138,148,156,164,182,203,207,213,214,216,218,219,237,240,241,244,247,249,263,290,351,352,363,374,445,447
176=19,53,63,76,86,92,94,104,113,115,126,138,148,156,164,182,203,207,211,213,214,216,218,219,237,240,241,244,247,249,263,264,280,290,318,332,351,352,355,363,374,409,416,432,445,447
177=76,86,92,94,104,113,115,138,148,156,164,168,182,202,203,207,211,213,214,216,218,237,240,241,244,247,263,285,290,318,332,347,355,363,365,369,433,445,447
178=19,63,76,86,92,94,104,113,115,138,148,156,164,168,182,202,203,207,211,213,214,216,218,237,240,241,244,247,263,285,290,318,332,347,355,363,365,369,416,432,433,445,447
179=85,86,87,92,104,113,148,156,164,182,203,207,213,214,216,218,231,237,240,263,290,351,363,445,451
180=70,85,86,87,92,104,113,148,156,164,182,203,207,213,214,216,218,231,237,240,249,263,264,280,290,351,363,374,445,451
181=63,70,85,86,87,92,104,113,148,156,164,182,203,207,213,214,216,218,231,237,240,249,263,264,280,290,351,363,374,411,416,431,445,451
182=14,15,63,76,92,104,148,156,164,182,188,202,203,207,213,214,216,218,219,237,241,263,290,331,363,374,409,412,416,445,447
183=57,58,59,70,91,92,104,127,156,164,182,203,207,213,214,216,218,231,237,240,249,250,258,263,264,280,290,352,363,374,445,447
184=57,58,59,63,70,91,92,104,127,156,164,182,203,207,213,214,216,218,231,237,240,249,250,258,263,264,280,290,352,363,374,411,416,445,447
185=70,89,91,92,104,153,156,157,164,168,182,201,203,207,213,214,216,218,237,241,244,249,259,263,264,269,280,290,317,347,363,374,397,444,445,446
186=57,58,59,63,70,89,91,92,94,104,127,156,164,168,182,203,207,213,214,216,218,237,240,249,250,258,263,264,280,290,352,363,371,374,411,416,445
187=14,76,92,104,148,156,164,182,202,203,207,213,214,216,218,237,241,263,290,318,331,332,363,369,412,445,447
188=14,76,92,104,148,156,164,182,202,203,207,213,214,216,218,237,241,263,290,318,331,332,363,369,412,445,447
189=14,63,76,92,104,148,156,164,182,202,203,207,213,214,216,218,237,241,263,290,318,331,332,363,369,412,416,445,447
190=15,70,76,85,86,87,91,92,104,138,156,164,168,182,203,207,213,214,216,218,231,237,240,241,247,249,263,264,269,280,289,290,332,351,352,363,369,371,374,421,445,447
191=14,15,76,92,104,113,148,156,164,182,188,202,203,207,213,214,216,218,219,237,241,263,290,331,363,412,445,447
192=14,15,63,76,92,104,113,148,156,164,182,188,202,203,207,213,214,216,218,219,237,241,263,290,331,363,412,416,445,447
193=76,92,94,104,138,148,156,164,168,182,202,203,207,211,213,214,216,218,237,241,247,263,290,318,332,355,363,369,432,445
194=57,58,59,89,91,92,104,127,148,156,164,182,188,201,203,207,213,214,216,218,231,237,240,249,250,258,263,290,352,363,445
195=57,58,59,63,70,89,91,92,104,127,148,156,157,164,182,188,201,203,207,213,214,216,218,231,237,240,249,250,258,263,264,280,290,317,352,363,374,411,416,444,445
196=15,63,91,92,94,104,113,115,138,148,156,164,182,203,207,213,214,216,218,231,237,240,241,244,247,263,285,290,347,363,416,433,445,447
197=15,63,91,92,94,104,138,148,156,164,182,203,207,213,214,216,218,231,237,240,241,244,247,259,263,269,289,290,363,371,399,416,445
198=19,86,92,94,104,138,156,164,168,182,203,207,211,213,214,216,218,237,240,241,244,247,259,263,269,289,290,332,347,355,363,365,371,373,399,432,445
199=53,57,58,59,63,70,86,89,91,92,94,104,113,126,138,148,156,164,182,203,207,213,214,216,218,219,231,237,240,241,244,247,249,250,258,263,264,278,280,285,290,347,352,362,363,374,409,411,416,419,433,445,447
200=85,86,87,92,94,104,138,148,156,164,168,182,203,207,213,214,216,218,237,240,241,244,247,259,261,263,269,285,289,290,332,347,351,363,371,373,399,433,445,451
203=70,85,86,87,89,92,94,104,113,115,138,148,156,164,168,182,203,207,213,214,216,218,231,237,240,241,244,247,249,263,278,285,290,347,351,363,412,433,445,447,451
204=70,76,89,91,92,104,113,115,153,156,157,164,182,201,202,203,207,213,214,216,218,237,241,249,263,290,317,360,363,371,445,446
205=63,70,76,89,91,92,104,113,115,153,156,157,164,182,201,202,203,207,213,214,216,218,237,241,249,263,290,317,360,363,371,397,416,430,445,446
206=53,58,59,70,76,85,86,87,89,91,92,104,126,138,156,157,164,168,182,203,207,213,214,216,218,231,237,240,241,244,247,249,263,290,317,347,351,352,355,360,363,398,445,446,451
207=14,15,70,89,91,92,104,156,157,164,168,182,188,201,203,206,207,211,213,214,216,218,231,237,240,241,249,259,263,269,280,290,317,332,355,363,369,371,374,397,398,399,404,432,444,445,446
208=15,46,63,70,89,91,92,104,153,156,157,164,182,201,203,207,213,214,216,218,231,237,241,244,249,259,263,269,290,317,360,363,371,397,399,406,416,430,431,444,445,446
209=46,53,70,76,85,86,87,89,91,92,104,126,156,164,168,182,188,203,207,213,214,216,218,237,240,241,247,249,259,263,264,269,280,290,315,339,351,352,363,371,374,445
210=46,53,63,70,76,85,86,87,89,91,92,104,126,156,157,164,168,182,188,203,207,213,214,216,218,231,237,240,241,247,249,259,263,264,269,280,290,315,317,339,351,352,363,371,374,411,416,431,444,445
211=57,58,59,86,92,104,127,153,156,164,182,188,203,207,213,214,216,218,237,240,247,250,258,263,269,290,351,352,360,362,363,371,398,445
212=14,15,63,70,92,104,156,164,168,182,201,203,206,207,211,213,214,216,218,237,240,241,249,263,280,290,318,332,355,363,369,374,404,416,430,432,445
213=70,89,91,92,104,148,156,157,164,182,188,201,203,207,213,214,216,218,219,237,241,249,263,290,317,360,363,397,444,445,446
214=14,15,63,70,89,91,92,104,156,157,164,168,182,203,207,213,214,216,218,237,240,241,249,263,264,280,290,317,332,339,363,374,411,416,421,444,445
215=14,15,57,58,59,70,91,92,104,138,156,164,168,182,203,206,207,213,214,216,218,231,237,240,241,244,247,249,250,258,259,263,264,269,280,289,290,332,347,363,371,373,374,398,399,404,419,421,445
216=14,15,46,70,89,91,92,104,156,157,164,168,182,203,207,213,214,216,218,237,240,241,249,259,263,264,269,280,290,317,332,339,363,371,374,421,445
217=14,15,46,63,70,89,91,92,104,156,157,164,168,182,203,207,213,214,216,218,237,240,241,249,259,263,264,269,280,290,317,332,339,363,371,374,411,416,419,421,431,444,445
218=53,92,104,113,115,126,156,157,164,182,203,207,213,214,216,218,237,241,249,261,263,290,315,317,363,445
219=53,63,70,76,89,92,104,113,115,126,153,156,157,164,182,201,203,207,213,214,216,218,237,241,249,261,263,290,315,317,360,363,397,416,444,445,446
220=46,58,59,70,89,91,92,104,113,115,156,157,164,182,201,203,207,213,214,216,218,237,240,249,258,263,290,317,363,445,446
221=46,58,59,63,70,89,91,92,104,113,115,156,157,164,182,201,203,207,213,214,216,218,237,240,249,258,263,290,317,363,416,419,444,445,446
222=57,58,59,70,89,91,92,94,104,113,115,153,156,157,164,182,201,203,207,213,214,216,218,219,237,240,241,247,249,250,258,263,290,317,347,352,362,363,397,444,445,446
223=53,57,58,59,63,86,92,94,104,126,127,156,164,168,182,203,207,213,214,216,218,237,240,241,250,263,290,331,352,362,363,445,451
224=53,57,58,59,63,86,92,94,104,126,127,156,164,168,182,188,203,207,213,214,216,218,237,240,241,250,263,290,331,352,362,363,371,412,416,430,445,451
225=19,58,59,92,104,156,164,168,182,203,207,213,214,216,218,237,240,258,263,264,278,280,290,332,352,363,365,374,419,432,445
226=57,58,59,63,89,92,104,127,156,157,164,182,203,207,213,214,216,218,237,240,250,258,263,290,317,331,332,352,362,363,416,432,445
227=14,15,19,46,92,104,148,156,157,164,168,182,201,203,207,211,213,214,216,218,237,241,249,259,263,269,290,317,332,355,363,365,371,399,404,430,432,445,446
228=46,53,76,92,104,126,138,156,164,168,182,188,203,207,213,214,216,218,231,237,241,247,249,259,261,263,269,289,290,315,363,371,373,399,445
229=46,53,63,70,76,92,104,126,138,156,164,168,182,188,203,207,213,214,216,218,231,237,241,247,249,259,261,263,269,289,290,315,363,371,373,399,416,445
230=57,58,59,63,92,104,127,156,164,182,203,207,213,214,216,218,237,240,250,258,263,290,352,362,363,406,416,430,445
231=46,70,89,92,104,156,157,164,182,201,203,207,213,214,216,218,231,237,241,249,263,290,317,363,445,446
232=46,63,70,89,92,104,156,157,164,182,201,203,207,213,214,216,218,231,237,241,249,263,290,317,360,363,397,398,416,444,445,446
233=58,59,63,76,85,86,87,92,94,104,138,148,156,164,168,182,203,207,214,216,218,231,237,240,241,244,247,263,278,290,332,351,363,416,433,451
234=46,76,85,86,87,89,92,94,104,113,115,138,148,156,164,168,182,203,207,213,214,216,218,231,237,240,241,244,247,263,285,290,347,351,363,412,416,433,445,451
236=70,89,92,104,156,157,164,168,182,203,207,213,214,216,218,237,240,241,249,263,280,290,339,363,445
237=70,89,91,92,104,156,157,164,168,182,201,203,207,213,214,216,218,237,240,241,249,263,280,290,332,339,360,363,444,445
238=58,59,92,94,104,113,115,138,148,156,164,168,182,203,207,213,214,216,218,237,240,244,247,258,263,278,285,290,347,352,363,371,374,419,433,445,447
239=85,86,87,92,94,104,113,148,156,164,168,182,203,207,213,214,216,218,237,240,249,263,264,280,290,351,363,374,445,451
240=53,92,94,104,126,156,164,168,182,203,207,213,214,216,218,231,237,241,249,261,263,264,280,290,315,363,374,445
241=57,58,59,63,70,76,85,86,87,89,92,104,156,157,164,182,201,203,207,213,214,216,218,231,237,240,241,244,247,249,250,263,264,280,290,317,351,352,360,363,374,411,416,445,446
242=53,58,59,63,70,76,85,86,87,89,92,94,104,113,126,138,148,156,157,164,182,201,203,207,213,214,216,218,219,231,237,240,241,244,247,249,258,263,264,278,280,285,289,290,317,347,351,352,363,374,409,411,416,419,431,445,446,447,451
243=15,46,63,70,85,86,87,91,92,104,113,115,148,156,164,182,201,203,207,214,216,218,231,237,240,241,244,247,249,263,290,347,351,363,416,431,451
244=15,46,53,63,70,76,91,92,104,115,126,148,156,164,182,201,203,207,214,216,218,231,237,240,241,244,247,249,261,263,290,315,347,363,416,431,444
245=15,46,57,58,59,63,91,92,104,115,127,156,164,182,201,203,207,214,216,218,231,237,240,241,244,247,249,250,258,263,290,347,352,362,363,416,419,431
246=63,89,91,92,104,156,157,164,182,201,203,207,213,214,216,218,237,240,241,249,259,263,269,280,290,317,363,371,397,399,444,445,446
247=63,89,91,92,104,156,157,164,182,201,203,207,213,214,216,218,237,240,241,249,259,263,269,280,290,317,363,371,397,399,444,445,446
248=15,46,53,57,58,59,63,70,85,86,87,89,91,92,104,126,156,157,164,182,201,203,207,213,214,216,218,231,237,240,241,249,250,259,263,264,269,280,290,317,332,337,351,352,363,371,374,397,399,406,411,416,419,421,431,444,445,446
249=19,46,57,58,59,63,70,85,86,87,89,92,94,104,113,115,127,138,148,156,164,182,201,202,203,207,211,214,216,218,219,231,237,240,241,244,247,249,250,258,263,285,290,332,347,351,352,355,362,363,406,416,419,432,451
250=19,46,53,63,70,76,85,86,87,89,92,94,104,113,115,126,138,148,156,164,182,201,202,203,207,211,214,216,218,219,237,240,241,244,247,249,261,263,290,315,332,347,351,355,363,365,416,432,451
251=14,15,63,76,86,92,94,104,113,115,138,148,156,164,182,201,202,203,207,214,216,218,219,237,240,241,244,247,263,285,290,318,332,347,351,352,363,369,374,412,416,433,446,447,451
252=14,15,70,76,91,92,104,148,156,157,164,182,202,203,207,213,214,216,218,219,231,237,241,249,263,264,280,290,317,331,332,363,374,409,412,445,447
253=14,15,70,76,91,92,104,148,156,157,164,182,202,203,206,207,213,214,216,218,219,231,237,241,249,263,264,280,290,317,331,332,363,374,404,409,412,445,447
254=14,15,46,63,70,76,89,91,92,104,148,156,157,164,182,202,203,206,207,213,214,216,218,219,231,237,241,249,263,264,280,290,317,331,332,337,363,374,404,406,409,411,412,416,431,445,447
255=14,15,53,70,91,92,104,126,156,157,164,182,203,207,213,214,216,218,237,241,249,261,263,290,315,317,332,363,421,445
256=14,15,53,70,91,92,104,126,156,157,164,182,203,207,213,214,216,218,237,241,249,261,263,264,280,290,315,317,332,339,363,374,398,411,421,445
257=14,15,46,53,63,70,76,89,91,92,104,126,156,157,164,182,203,207,213,214,216,218,237,241,249,261,263,264,280,290,315,317,332,339,363,374,398,411,416,421,431,444,445
258=57,58,59,70,91,92,104,127,156,157,164,182,203,207,213,214,216,218,231,237,240,249,250,258,263,290,317,352,363,445
259=57,58,59,70,89,91,92,104,127,156,157,164,182,203,207,213,214,216,218,231,237,240,249,250,258,263,280,290,317,352,363,374,445,446
260=46,57,58,59,63,70,89,91,92,104,127,156,157,164,182,203,207,213,214,216,218,231,237,240,249,250,258,263,264,280,290,317,352,363,374,411,416,419,431,444,445,446
261=46,91,92,104,156,164,168,182,203,207,213,214,216,218,231,237,240,241,247,249,259,263,269,289,290,363,371,373,399,445
262=46,63,70,91,92,104,156,164,168,182,203,207,213,214,216,218,231,237,240,241,247,249,259,263,269,289,290,363,371,373,399,416,445
263=15,57,58,59,85,86,87,91,92,104,156,164,168,182,203,207,213,214,216,218,231,237,240,241,247,249,250,263,290,351,352,363,374,445,447,451
264=15,46,57,58,59,63,70,85,86,87,91,92,104,156,164,168,182,203,207,213,214,216,218,231,237,240,241,247,249,250,263,290,351,352,363,374,416,421,445,447,451
267=63,76,92,94,104,148,156,164,168,182,202,203,207,213,214,216,218,219,237,241,247,263,290,318,332,355,363,369,412,416,432,445
269=63,76,92,94,104,113,148,156,164,168,182,188,202,203,207,213,214,216,218,237,241,247,263,290,318,332,355,363,369,412,416,432,445
270=14,57,58,59,76,92,104,148,156,164,168,182,202,203,207,213,214,216,218,237,240,241,250,258,263,290,331,352,363,412,445,447
271=14,57,58,59,70,76,92,104,127,148,156,164,168,182,202,203,207,213,214,216,218,237,240,241,249,250,258,263,280,290,331,352,363,374,409,412,445,447
272=14,57,58,59,63,70,76,92,104,127,148,156,164,168,182,202,203,207,213,214,216,218,237,240,241,249,250,258,263,264,280,290,331,352,363,374,409,411,412,416,431,445,447
273=14,76,91,92,104,148,153,156,164,182,202,203,207,213,214,216,218,237,241,247,249,263,290,331,363,412,445,447
274=14,15,63,70,76,91,92,104,148,153,156,157,164,168,182,202,203,207,213,214,216,218,237,241,244,247,249,259,263,280,290,317,331,363,371,373,374,399,412,445,447
275=14,15,63,70,76,91,92,104,148,153,156,157,164,168,182,202,203,207,213,214,216,218,237,241,244,247,249,259,263,280,290,317,318,331,332,363,371,373,374,399,404,411,412,416,432,445,447
276=19,92,104,156,164,168,182,203,207,211,213,214,216,218,237,240,241,263,290,332,355,363,365,369,432,445
277=19,63,92,104,156,164,168,182,203,207,211,213,214,216,218,237,240,241,263,290,332,355,363,365,369,416,432,445
278=19,58,59,92,104,156,164,168,182,203,207,211,213,214,216,218,237,240,258,263,290,332,351,352,355,362,363,365,369,432,445
279=19,57,58,59,63,92,104,156,164,168,182,203,207,211,213,214,216,218,237,240,250,258,263,290,332,351,352,355,362,363,365,369,371,374,416,432,445
280=85,86,92,94,104,113,115,138,148,156,164,168,182,203,207,213,214,216,218,219,237,240,241,244,247,259,263,269,278,285,289,290,347,351,363,374,433,445,447,451
281=85,86,92,94,104,113,115,138,148,156,164,168,182,203,207,213,214,216,218,219,237,240,241,244,247,259,263,269,278,285,289,290,347,351,363,374,433,445,447,451
282=63,85,86,92,94,104,113,115,138,148,156,164,168,182,203,207,213,214,216,218,219,237,240,241,244,247,259,263,269,278,285,289,290,347,351,363,374,411,412,416,433,445,447,451
283=58,59,76,92,104,148,156,164,168,182,202,203,207,213,214,216,218,237,240,241,244,247,263,290,352,363,445
284=58,59,63,76,92,104,148,156,164,168,182,202,203,207,213,214,216,218,237,240,241,244,247,263,290,318,332,352,355,363,369,412,416,432,445
285=14,76,92,104,148,156,164,182,188,202,203,207,213,214,216,218,219,237,241,263,289,290,331,363,412,445,447
286=14,15,63,70,76,92,104,148,156,157,164,182,188,202,203,207,213,214,216,218,219,231,237,241,249,263,264,280,289,290,317,331,339,363,374,409,411,412,416,444,445,447
287=15,53,58,59,70,76,85,87,92,104,126,156,157,164,182,203,207,213,214,216,218,237,240,241,247,249,263,264,280,290,317,332,339,351,352,363,374,421,445
288=15,46,53,58,59,70,76,85,87,89,92,104,126,156,157,164,182,203,207,213,214,216,218,237,240,241,247,249,263,264,269,280,290,317,332,339,351,352,363,374,411,421,431,445
289=15,46,53,58,59,63,70,76,85,87,89,92,104,126,156,157,164,182,203,207,213,214,216,218,237,240,241,247,249,263,264,269,280,290,317,332,339,351,352,363,374,411,416,421,431,445
290=15,76,91,92,104,148,156,164,182,201,202,203,206,207,214,216,218,237,241,247,263,290,332,363,404
291=14,15,63,76,91,92,104,148,156,164,168,182,201,202,203,206,207,213,214,216,218,237,241,247,263,290,318,332,355,363,369,404,416,432,445
292=15,63,76,91,92,104,138,148,156,164,168,182,201,202,203,206,207,214,216,218,237,241,247,261,263,290,332,363,404,416,421
293=46,53,58,59,76,92,104,126,156,164,182,203,207,213,214,216,218,237,240,241,247,263,290,351,352,363,374,445
294=46,53,58,59,70,76,89,92,104,126,156,157,164,182,203,207,213,214,216,218,237,240,241,247,249,259,263,269,280,290,315,317,351,352,363,374,445
295=46,53,57,58,59,63,70,76,89,92,104,126,156,157,164,182,203,207,213,214,216,218,237,240,241,247,249,250,259,263,269,280,290,315,317,351,352,363,374,411,416,419,431,445
296=57,70,89,91,92,104,156,157,164,182,203,207,213,214,216,218,237,240,241,249,250,263,264,280,290,317,339,363,374,398,411,431,445
297=57,63,70,89,91,92,104,156,157,164,182,203,207,213,214,216,218,237,240,241,249,250,263,264,280,290,317,339,362,363,371,374,398,411,416,431,444,445
298=57,58,59,92,104,127,156,164,182,203,207,213,214,216,218,231,237,240,250,258,263,290,352,363,445
299=70,85,86,87,89,92,104,153,156,157,164,182,201,203,207,213,214,216,218,237,241,249,259,263,269,290,317,351,363,397,444,445,446
300=58,59,76,85,86,87,91,92,104,138,148,156,164,182,203,207,213,214,216,218,219,231,237,240,241,244,247,263,290,347,351,352,363,371,445,447,451
301=58,59,63,70,76,85,86,87,91,92,104,138,148,156,164,182,203,207,213,214,216,218,219,231,237,240,241,244,247,249,263,290,347,351,352,363,371,416,445,447,451
302=15,91,92,94,104,138,148,156,164,168,182,203,207,213,214,216,218,237,240,241,244,247,249,259,261,263,264,269,280,289,290,317,332,347,351,352,363,371,373,374,398,399,421,445
303=14,53,58,63,70,76,92,104,126,156,157,164,182,188,201,203,207,213,214,216,218,237,240,241,247,249,259,263,264,269,280,290,317,363,371,373,374,399,411,416,430,445,447,451
304=15,46,70,89,91,92,104,156,157,164,182,201,203,207,213,214,216,218,231,237,240,241,249,263,290,317,332,351,352,363,397,421,445,446
305=15,46,70,89,91,92,104,156,157,164,182,201,203,207,213,214,216,218,231,237,240,241,249,263,290,317,332,351,352,363,397,421,444,445,446
306=15,46,53,57,58,59,63,70,76,85,86,87,89,91,92,104,126,156,157,164,182,201,203,207,213,214,216,218,231,237,240,241,249,250,263,264,269,280,290,317,332,337,351,352,363,371,374,397,399,406,411,416,419,421,430,431,444,445,446
307=70,92,94,104,113,115,138,148,156,157,164,182,203,207,213,214,216,218,237,240,241,244,247,249,263,264,278,280,290,317,339,347,363,374,398,409,411,445,447
308=63,70,92,94,104,113,115,138,148,156,157,164,182,203,207,213,214,216,218,237,240,241,244,247,249,263,264,278,280,290,317,339,347,363,374,398,409,411,412,416,445,447
309=46,53,70,85,86,87,92,104,113,148,156,164,168,182,203,207,213,214,216,218,231,237,240,263,290,351,363,445,451
310=46,53,63,70,85,86,87,92,104,113,148,156,164,168,182,203,207,213,214,216,218,231,237,240,263,290,315,351,363,416,445,451
311=85,86,87,92,104,113,148,156,164,182,203,207,213,214,216,218,231,237,240,263,290,351,363,374,445,447,451
312=85,86,87,92,104,113,148,156,164,182,203,207,213,214,216,218,231,237,240,263,290,351,363,374,445,447,451
313=76,85,86,87,92,104,113,148,156,164,168,182,202,203,207,213,214,216,218,237,240,241,244,247,263,264,280,290,318,332,351,352,355,363,369,374,445,451
314=76,85,86,87,92,104,113,148,156,164,168,182,202,203,207,213,214,216,218,237,240,241,244,247,263,264,280,290,318,332,351,352,355,363,369,374,445,451
315=14,15,76,92,104,148,156,164,182,188,202,203,207,213,214,216,218,237,240,241,244,247,263,290,331,363,398,412,445,447
316=58,70,76,92,104,138,153,156,164,182,188,202,203,207,213,214,216,218,237,240,241,247,249,263,289,290,331,351,352,363,445
317=58,63,70,76,89,92,104,138,153,156,164,182,188,202,203,207,213,214,216,218,237,240,241,247,249,263,289,290,331,351,352,363,416,445
318=57,58,59,92,104,127,156,164,168,182,203,207,213,214,216,218,237,240,250,258,259,263,269,290,352,362,363,371,399,445
319=46,57,58,59,63,70,89,92,104,127,156,164,168,182,203,207,213,214,216,218,237,240,249,250,258,259,263,269,290,317,352,362,363,371,398,399,416,419,445
320=46,57,58,59,70,89,92,104,127,156,164,182,203,207,213,214,216,218,237,240,249,250,258,263,290,317,352,362,363,419,445
321=46,57,58,59,63,70,89,92,104,127,156,164,182,203,207,213,214,216,218,237,240,249,250,258,263,290,317,352,362,363,416,419,445
322=53,70,89,91,92,104,126,156,157,164,182,201,203,207,213,214,216,218,237,241,249,261,263,290,315,317,363,445,446
323=46,53,63,70,76,89,91,92,104,126,153,156,157,164,182,201,203,207,213,214,216,218,237,241,249,261,263,290,315,317,363,397,416,430,444,445,446
324=53,63,70,76,89,92,104,126,153,156,157,164,182,188,203,207,213,214,216,218,231,237,241,249,261,263,290,315,317,360,363,416,444,445,446
325=86,92,94,104,113,115,138,148,156,164,168,182,203,207,213,214,216,218,231,237,240,241,244,247,259,263,269,278,285,289,290,347,351,363,371,433,445,447,451
326=63,86,92,94,104,113,115,138,148,156,164,168,182,203,207,213,214,216,218,231,237,240,241,244,247,259,263,264,269,278,280,285,289,290,347,351,363,371,374,409,411,412,416,433,445,447,451
327=70,91,92,94,104,138,148,156,157,164,168,182,203,207,213,214,216,218,219,237,240,241,244,247,249,263,264,278,280,285,289,290,317,347,351,352,363,374,409,433,445
328=63,70,76,89,91,92,104,156,157,164,182,201,202,203,207,213,214,216,218,237,241,249,263,290,317,363,445
329=19,63,70,76,89,91,92,104,156,157,164,182,201,202,203,207,211,213,214,216,218,237,241,249,263,290,317,318,355,363,369,406,432,445
330=19,53,63,70,76,89,91,92,104,126,156,157,164,182,201,202,203,207,211,213,214,216,218,231,237,241,249,263,290,317,318,332,337,355,363,369,406,416,432,444,445
331=14,15,76,92,104,148,156,164,182,201,202,203,207,213,214,216,218,237,241,263,264,280,290,331,363,371,374,398,399,409,412,445,447
332=14,15,63,70,76,92,104,148,156,164,182,201,202,203,207,213,214,216,218,237,241,263,264,280,290,331,363,371,373,374,398,399,409,411,412,416,445,447
333=19,58,76,92,104,138,156,164,168,182,203,207,211,213,214,216,218,219,237,240,241,244,263,290,332,355,363,365,406,445
334=19,46,53,58,63,76,89,92,104,126,138,156,164,168,182,203,207,211,213,214,216,218,219,231,237,240,241,244,249,263,290,332,337,355,363,365,406,416,445
335=14,46,53,58,59,70,76,85,87,91,92,104,126,156,157,164,168,182,202,203,206,207,213,214,216,218,231,237,240,241,247,249,263,264,269,280,290,317,332,351,352,363,371,373,374,398,404,411,421,431,445
336=53,70,89,91,92,104,156,164,168,182,188,202,203,207,213,214,216,218,231,237,240,241,249,263,269,289,290,363,371,398,399,404,445
337=58,59,63,89,92,94,104,113,115,138,148,153,156,157,164,182,201,203,207,214,216,218,219,237,240,244,247,263,278,285,290,317,347,360,363,373,397,416,433,444,446,447,451
338=53,63,76,89,92,94,104,113,115,126,138,148,153,156,157,164,182,201,203,207,214,216,218,219,237,241,244,247,261,263,278,285,290,315,317,347,360,363,373,397,416,433,444,446,447,451
339=57,58,59,89,92,104,127,156,164,182,201,203,207,213,214,216,218,237,240,250,258,263,290,317,352,363,445
340=57,58,59,63,70,89,92,104,127,156,157,164,182,201,203,207,213,214,216,218,237,240,249,250,258,263,290,317,352,363,416,444,445
341=14,15,57,58,59,70,91,92,104,127,156,157,164,182,188,203,206,207,213,214,216,218,237,240,249,250,258,263,269,280,290,317,332,352,363,371,374,404,445
342=14,15,57,58,59,63,70,91,92,104,127,156,157,164,182,188,203,206,207,213,214,216,218,237,240,249,250,258,263,269,280,290,317,332,352,363,371,374,399,404,416,419,445
343=58,76,89,91,92,94,104,113,115,138,148,153,156,157,164,182,201,203,207,214,216,218,219,237,240,241,244,247,263,278,285,290,317,347,360,363,397,433,446,447,451
344=58,63,70,76,89,91,92,94,104,113,115,138,148,153,156,157,164,182,201,203,207,214,216,218,219,237,240,241,244,247,249,263,278,285,290,317,347,360,363,397,416,433,444,446,447,451
345=14,76,92,104,148,156,157,164,182,188,201,202,203,207,213,214,216,218,237,241,263,290,317,331,363,397,412,445,446,447
346=14,63,70,76,89,92,104,148,156,157,164,182,188,201,202,203,207,213,214,216,218,237,241,249,263,290,317,331,363,397,412,416,444,445,446,447
347=14,15,91,92,104,156,157,164,182,201,203,206,207,213,214,216,218,237,241,249,263,280,290,317,332,352,363,397,404,445,446
348=14,15,63,70,89,91,92,104,156,157,164,182,201,203,206,207,213,214,216,218,231,237,241,249,263,280,290,317,332,352,363,397,404,416,430,444,445,446
349=57,58,59,92,104,127,156,164,182,203,207,213,214,216,218,237,240,250,258,263,290,352,363,445
350=57,58,59,63,92,104,127,156,164,182,203,207,213,214,216,218,219,231,237,240,244,250,258,263,290,352,363,406,416,419,445
351=53,58,59,76,85,86,87,92,104,126,148,156,164,168,182,201,203,207,213,214,216,218,237,240,241,244,247,258,263,290,351,352,363,412,419,445
352=15,53,58,59,70,76,85,86,87,91,92,104,126,148,156,157,164,168,182,203,207,213,214,216,218,231,237,240,241,244,247,249,263,264,278,280,285,289,290,317,332,351,352,363,374,409,421,433,445,446,447,451
353=85,86,87,92,94,104,138,148,156,164,168,182,203,207,213,214,216,218,237,240,241,244,247,259,261,263,269,285,289,290,347,351,363,371,373,399,433,445,451
354=63,85,86,87,92,94,104,138,148,156,164,168,182,203,207,213,214,216,218,237,240,241,244,247,259,261,263,269,285,289,290,347,351,363,371,373,374,399,416,421,433,445,451
355=58,59,92,94,104,138,148,156,164,168,182,203,207,213,214,216,218,237,240,241,244,247,259,261,263,269,285,289,290,347,363,371,373,374,399,433,445,451
356=58,59,63,70,89,92,94,104,138,148,156,157,164,168,182,203,207,213,214,216,218,237,240,241,244,247,249,259,261,263,264,269,280,285,289,290,317,347,363,371,373,374,399,416,433,445,451
357=14,15,19,46,63,70,76,89,92,104,148,156,164,182,202,203,207,211,213,214,216,218,219,237,241,249,263,290,318,331,332,355,363,412,416,432,445,447
358=86,92,94,104,113,115,138,148,156,164,182,203,207,213,214,216,218,219,237,240,241,244,247,259,263,269,278,285,289,290,347,351,363,412,433,445,447,451
359=14,15,53,58,59,63,70,85,86,87,92,104,126,138,148,156,157,164,168,182,201,203,206,207,213,214,216,218,231,237,240,241,244,247,249,258,259,261,263,269,289,290,317,332,347,351,352,363,371,399,404,416,421,444,445,451
361=58,59,92,104,113,148,156,164,182,203,207,213,214,216,218,219,237,240,247,258,263,290,352,363,419,445
362=58,59,63,89,92,104,113,148,153,156,164,182,203,207,213,214,216,218,219,237,240,247,258,259,263,269,290,352,360,363,371,399,416,419,445
363=57,58,59,70,89,92,104,127,156,157,164,182,203,207,213,214,216,218,231,237,240,249,250,258,263,290,317,352,362,363,445
364=46,57,58,59,70,89,92,104,127,156,157,164,182,203,207,213,214,216,218,231,237,240,249,250,258,263,290,317,352,362,363,445
365=46,57,58,59,63,70,89,92,104,127,156,157,164,182,203,207,213,214,216,218,231,237,240,249,250,258,263,290,317,352,362,363,416,419,445
366=57,58,59,92,104,127,156,164,182,203,207,213,214,216,218,237,240,250,258,263,290,352,362,363,445
367=57,58,59,63,92,104,127,156,164,182,203,207,213,214,216,218,237,240,250,258,263,289,290,317,352,362,363,416,445
368=57,58,59,63,92,94,104,127,156,164,182,203,207,213,214,216,218,219,237,240,244,247,250,258,263,290,352,362,363,416,445
369=57,58,59,63,89,92,104,127,156,157,164,182,201,203,207,213,214,216,218,219,237,240,244,249,250,258,263,290,317,347,352,362,363,397,416,444,445,446
370=57,58,59,92,104,127,156,164,182,203,207,213,214,216,218,219,237,240,244,250,258,263,290,352,362,363,445
371=15,46,53,70,92,104,126,156,157,164,182,203,207,213,214,216,218,237,240,241,249,263,280,290,317,332,337,363,406,421,445
372=15,46,53,70,92,104,126,156,157,164,182,203,207,213,214,216,218,237,240,241,249,263,280,290,317,332,337,363,406,421,445
373=15,19,46,53,63,70,89,92,104,126,156,157,164,182,203,207,211,213,214,216,218,231,237,240,241,249,263,280,290,317,332,337,355,363,406,416,421,432,444,445
375=15,63,70,89,92,94,104,113,115,148,153,156,157,164,182,188,201,203,207,214,216,218,237,240,241,244,247,249,263,280,290,317,332,360,363,397,430,446,447
376=15,63,70,89,92,94,104,113,115,148,153,156,157,164,182,188,201,203,207,214,216,218,237,240,241,244,247,249,263,280,290,317,332,360,363,397,416,430,446,447
377=63,70,85,86,87,89,91,92,104,153,156,157,164,182,201,203,207,214,216,218,219,237,241,244,249,263,264,280,290,317,351,363,374,397,409,411,416,431,444,446,451
378=58,59,63,70,85,86,87,89,92,104,153,156,157,164,182,203,207,214,216,218,219,237,240,244,249,258,263,264,280,290,317,351,363,374,397,411,416,419,430,431,451
379=63,70,85,86,87,89,92,104,153,156,157,164,182,201,203,207,214,216,218,219,237,240,241,244,249,263,264,280,290,317,332,351,363,374,397,411,416,421,430,431,446,451
380=15,19,46,57,58,63,76,85,86,87,89,92,94,104,113,115,127,138,148,156,164,182,201,203,207,211,213,214,216,218,219,237,240,241,244,247,250,263,290,332,337,347,351,352,355,363,406,412,416,421,432,445,447,451
381=15,19,46,57,58,63,76,85,86,87,89,92,94,104,113,115,127,138,148,156,164,182,201,203,207,211,213,214,216,218,219,237,240,241,244,247,250,263,290,332,337,347,351,352,355,363,406,412,416,421,432,445,447,451
382=46,57,58,59,63,70,85,86,87,89,92,104,127,156,157,164,182,203,207,214,216,218,219,237,240,244,249,250,258,263,280,290,317,347,351,352,362,363,416,419
383=14,15,46,53,63,70,76,85,86,87,89,91,92,104,126,156,157,164,182,201,203,207,214,216,218,219,231,237,241,244,249,263,280,290,315,317,332,337,339,351,363,374,397,406,411,416,421,431,444,446
384=14,19,46,53,57,58,59,63,70,76,85,86,87,89,92,104,126,127,156,157,164,182,201,203,207,214,216,218,231,237,240,241,244,249,250,263,280,290,315,317,332,337,339,351,352,360,363,374,406,411,412,416,419,421,444
385=63,85,86,87,92,94,104,113,115,138,148,156,164,182,201,203,207,214,216,218,219,237,240,241,244,247,263,278,285,290,332,347,351,352,363,369,374,409,412,416,430,433,446,447,451
386=15,58,63,70,76,85,86,87,92,94,104,113,115,138,148,156,157,164,182,203,207,214,216,218,219,237,240,241,244,247,249,259,263,264,269,278,280,285,289,290,317,332,347,351,352,363,374,398,409,411,412,416,419,430,433,446,447,451
387=14,15,70,76,92,104,113,115,148,156,164,182,202,203,207,213,214,216,218,219,231,237,241,249,263,290,331,363,412,431,445,446,447
388=14,15,70,76,92,104,113,115,148,156,164,182,202,203,207,213,214,216,218,219,231,237,241,249,263,290,331,363,412,431,445,446,447
389=14,15,46,63,70,76,89,92,104,113,115,148,156,157,164,182,201,202,203,207,213,214,216,218,219,231,237,241,249,263,290,317,331,363,397,412,416,431,444,445,446,447
390=14,15,53,70,91,92,104,126,156,164,182,203,207,213,214,216,218,231,237,241,249,259,261,263,264,269,280,290,315,332,339,363,369,374,421,431,445,446,447
391=14,15,53,70,91,92,104,126,156,157,164,182,203,207,213,214,216,218,231,237,241,249,259,261,263,264,269,280,290,315,317,332,339,363,369,374,398,411,421,431,445,446,447
392=14,15,46,53,63,70,76,89,91,92,104,126,156,157,164,182,203,207,213,214,216,218,231,237,241,249,259,261,263,264,269,280,290,315,317,332,339,347,363,369,374,398,411,416,421,431,444,445,446,447
393=15,57,58,59,91,92,104,127,156,164,182,203,207,213,214,216,218,237,240,250,258,263,280,290,317,332,352,362,363,365,374,432,445,446,447
394=15,57,58,59,70,91,92,104,127,156,164,182,203,207,213,214,216,218,237,240,249,250,258,263,280,290,317,332,352,362,363,365,374,421,432,445,446,447
395=14,15,46,57,58,59,63,70,89,91,92,104,127,156,157,164,182,203,207,211,213,214,216,218,237,240,249,250,258,263,280,290,317,332,352,362,363,365,374,416,419,421,430,431,432,445,446,447
396=19,92,104,156,164,168,182,203,207,211,213,214,216,218,237,240,241,263,290,332,355,363,365,369,432,445
397=19,92,104,156,164,168,182,203,207,211,213,214,216,218,237,240,241,263,290,332,355,363,365,369,432,445
398=19,63,92,104,156,164,168,182,203,207,211,213,214,216,218,237,240,241,263,290,332,355,363,365,369,416,432,445
399=15,58,59,85,86,87,91,92,104,156,164,168,182,203,207,213,214,216,218,231,237,240,241,247,249,263,269,290,351,363,365,445,446,447,451
400=15,57,58,59,63,70,85,86,87,91,92,104,127,156,164,168,182,203,207,213,214,216,218,231,237,240,241,247,249,250,263,264,269,290,351,352,363,365,374,416,431,445,446,447,451
402=14,15,63,70,92,104,148,156,164,182,203,206,207,213,214,216,218,237,240,241,249,263,269,280,290,318,332,363,404,416,445
403=46,70,85,86,87,92,104,113,148,156,164,168,182,203,207,213,214,216,218,231,237,240,263,290,351,363,445,451
404=46,70,85,86,87,92,104,113,148,156,164,168,182,203,207,213,214,216,218,231,237,240,263,290,351,363,445,451
405=46,63,70,85,86,87,92,104,113,148,156,164,168,182,203,207,213,214,216,218,231,237,240,263,290,351,363,416,445,451
406=14,15,76,92,104,148,156,164,182,188,202,203,207,213,214,216,218,237,240,241,244,247,263,290,331,363,412,445,447
407=14,15,63,76,92,104,148,156,164,182,188,202,203,207,213,214,216,218,237,240,241,244,247,263,290,331,363,398,412,416,445,447
408=14,46,53,58,59,70,85,87,89,91,92,104,126,156,157,164,168,182,201,203,207,213,214,216,218,231,237,240,241,249,263,290,317,351,363,371,374,397,406,431,444,445,446
409=14,15,46,53,57,58,59,63,70,85,87,89,91,92,104,126,156,157,164,168,182,201,203,207,213,214,216,218,231,237,240,241,249,250,263,264,280,290,317,351,363,371,374,397,406,411,416,419,431,444,445,446
410=46,53,58,59,70,85,87,89,91,92,104,126,156,157,164,182,201,203,207,213,214,216,218,231,237,240,241,249,259,263,269,290,317,351,363,397,430,444,445,446
411=46,53,58,59,63,70,85,87,89,91,92,104,126,156,157,164,182,201,203,207,213,214,216,218,231,237,240,241,249,259,263,269,290,317,351,363,397,416,419,430,444,445,446
413=63,76,92,94,104,138,148,156,164,168,182,202,203,207,213,214,216,218,219,237,240,241,244,247,263,285,290,331,363,412,416,445,447
413=63,89,91,92,94,104,138,148,156,164,168,182,201,203,207,213,214,216,218,219,237,240,241,244,247,263,285,290,317,363,416,445
413=63,92,94,104,138,148,156,164,168,182,203,207,213,214,216,218,219,237,240,241,244,247,263,285,290,360,363,416,430,445,446
414=63,76,92,94,104,138,148,156,164,168,182,202,203,207,213,214,216,218,219,237,240,241,244,247,263,285,290,318,332,355,363,369,412,416,432,445
416=15,63,92,104,148,156,164,168,182,188,203,207,213,214,216,218,237,240,241,263,290,318,332,355,363,369,374,404,416,432,445
417=15,85,86,87,91,92,104,113,148,156,164,182,203,207,213,214,216,218,231,237,240,263,290,351,363,369,374,445,447,451
418=57,58,59,70,91,92,104,127,156,164,182,203,207,213,214,216,218,231,237,240,249,250,258,263,264,280,290,317,339,352,362,363,445
419=46,57,58,59,63,70,91,92,104,127,156,164,182,203,207,213,214,216,218,231,237,240,249,250,258,259,263,264,269,280,290,317,339,352,362,363,371,411,416,445
420=14,76,92,104,148,156,164,182,202,203,207,213,214,216,218,219,237,241,263,290,331,363,412,445,447
421=14,63,76,92,104,148,156,164,182,202,203,207,213,214,216,218,219,237,241,263,290,331,363,412,416,445,447
422=57,58,59,92,104,156,164,182,203,207,213,214,216,218,237,240,250,258,263,290,352,362,363,445
423=57,58,59,63,70,89,91,92,104,127,148,156,157,164,182,188,201,203,207,213,214,216,218,237,240,249,250,258,263,290,317,352,362,363,416,444,445
424=15,63,70,76,85,86,87,91,92,104,138,156,164,168,182,203,207,213,214,216,218,231,237,240,241,247,249,263,264,269,280,289,290,332,351,352,363,369,371,374,416,421,445,447
425=15,85,86,87,92,94,104,138,148,153,156,164,168,182,203,207,213,214,216,218,237,240,241,244,247,261,263,278,285,290,318,347,351,360,363,371,373,432,445,451
426=15,19,63,85,86,87,92,94,104,138,148,153,156,164,168,182,203,207,213,214,216,218,237,240,241,244,247,261,263,278,285,290,318,347,351,360,363,371,373,416,432,445,451
427=15,58,76,85,86,91,92,104,156,164,182,203,207,213,214,216,218,231,237,240,241,247,249,263,264,290,351,352,363,374,409,445,447,451
428=15,58,59,63,70,76,85,86,87,91,92,104,156,164,182,203,207,213,214,216,218,231,237,240,241,247,249,263,264,290,351,352,363,374,409,411,416,445,447,451
429=63,85,86,87,92,94,104,138,148,156,164,168,182,203,207,213,214,216,218,237,240,241,244,247,259,261,263,269,285,289,290,332,347,351,363,371,373,399,412,416,433,445,451
430=19,63,86,92,94,104,138,156,164,168,182,203,207,211,213,214,216,218,237,240,241,244,247,259,263,269,289,290,332,347,355,363,365,371,373,399,416,432,445
431=15,85,87,91,92,104,138,148,156,164,168,182,203,207,213,214,216,218,231,237,240,241,244,247,259,263,269,289,290,332,351,352,363,369,371,421,445
432=15,46,63,85,87,91,92,104,138,148,156,164,168,182,203,207,213,214,216,218,231,237,240,241,244,247,259,263,269,289,290,332,351,352,363,369,371,416,421,445
433=86,92,94,104,113,115,138,148,156,164,182,203,207,213,214,216,218,219,237,240,241,244,247,259,263,269,278,285,289,290,347,351,363,433,445,447,451
434=15,46,53,91,92,104,126,153,156,164,168,182,188,203,207,213,214,216,218,231,237,240,241,247,249,259,263,269,289,290,363,371,399,421,432,445
435=15,46,53,63,70,91,92,104,126,153,156,164,168,182,188,203,207,213,214,216,218,231,237,240,241,247,249,259,263,269,289,290,363,371,398,399,416,421,432,445
436=76,89,92,94,104,113,115,138,148,156,157,164,182,201,203,207,214,216,218,219,237,240,241,244,247,263,278,285,290,317,347,360,363,371,397,430,433,446,447,451
437=63,70,76,89,92,94,104,113,115,138,148,153,156,157,164,182,201,203,207,214,216,218,219,237,240,241,244,247,249,263,278,285,290,317,347,360,363,371,397,416,430,433,446,447,451
438=91,92,104,153,156,157,164,168,182,201,203,207,213,214,216,218,237,241,244,263,280,290,317,347,363,397,445,446
439=76,85,86,87,92,94,104,113,115,138,148,156,164,168,182,203,207,213,214,216,218,219,237,240,241,244,247,259,263,264,269,278,280,285,289,290,347,351,363,374,409,433,445,447,451
440=53,76,86,92,94,104,113,126,138,148,156,164,182,203,207,213,214,216,218,219,237,240,241,244,247,258,263,278,290,351,352,363,374,409,445,447
441=19,92,104,156,164,168,182,203,207,211,213,214,216,218,237,240,241,259,263,269,290,332,355,363,365,369,432,445
442=63,92,94,104,138,148,156,164,168,182,203,207,213,214,216,218,237,240,241,244,247,259,261,263,269,289,290,317,318,347,351,352,363,373,399,416,445
443=15,46,53,70,89,91,92,104,126,156,157,164,182,201,203,207,213,214,216,218,237,240,241,249,263,290,317,332,337,363,406,421,431,444,445,446
444=15,46,53,70,89,91,92,104,126,156,157,164,182,201,203,207,213,214,216,218,231,237,240,241,249,263,290,317,332,337,363,406,421,431,444,445,446
445=14,15,46,53,57,63,70,89,91,92,104,126,156,157,164,182,201,203,206,207,213,214,216,218,231,237,240,241,249,250,263,280,290,317,332,337,363,374,398,406,416,421,431,444,445,446
446=53,57,58,59,70,76,85,87,89,92,94,104,126,156,157,164,182,201,203,207,213,214,216,218,237,240,241,247,249,250,263,264,278,280,290,317,351,352,363,374,431,445
447=14,46,70,89,91,92,104,156,157,164,182,203,207,213,214,216,218,231,237,240,241,249,263,264,280,290,317,339,363,371,374,398,409,411,421,445
448=14,46,63,70,89,91,92,94,104,156,157,164,182,203,207,213,214,216,218,231,237,240,241,247,249,263,264,280,290,317,339,347,352,363,371,374,398,399,406,409,411,416,421,430,431,444,445
449=46,70,89,91,92,104,156,157,164,182,201,203,207,213,214,216,218,231,237,241,249,263,290,317,352,363,445,446
450=46,63,70,89,91,92,104,156,157,164,182,201,203,207,213,214,216,218,231,237,241,249,263,290,317,352,363,416,444,445,446
451=14,15,70,91,92,104,148,156,164,168,182,188,203,206,207,213,214,216,218,231,237,240,241,247,249,259,263,269,280,290,317,332,363,371,374,398,399,404,445
452=14,15,46,63,70,89,91,92,104,148,156,157,164,168,182,188,203,206,207,213,214,216,218,231,237,240,241,247,249,259,263,269,280,290,317,332,363,371,374,398,399,404,416,431,445
453=70,89,91,92,104,156,157,164,168,182,188,203,207,213,214,216,218,237,240,241,247,249,259,263,264,269,280,289,290,317,339,363,371,373,374,398,399,404,411,431,445
454=14,15,63,70,89,91,92,104,156,157,164,168,182,188,203,207,213,214,216,218,237,240,241,247,249,259,263,264,269,280,289,290,317,339,363,371,373,374,398,399,404,411,416,431,444,445
455=14,15,63,76,92,104,148,156,164,168,182,188,202,203,207,213,214,216,218,237,241,263,290,331,363,371,374,412,416,445,447
456=57,58,59,92,104,127,148,156,164,182,203,207,213,214,216,218,219,237,240,244,250,258,263,290,318,352,362,363,369,371,432,445
457=57,58,59,63,92,104,127,148,156,164,182,203,207,213,214,216,218,219,237,240,244,250,258,263,290,318,352,362,363,369,371,416,432,445
458=57,58,59,89,92,104,127,156,164,182,203,207,213,214,216,218,237,240,250,258,263,290,332,352,363,445
459=14,58,59,76,92,104,113,148,156,164,182,202,203,207,213,214,216,218,219,231,237,240,247,258,263,290,331,352,363,412,419,445,447
460=14,58,59,63,70,76,89,92,104,113,148,156,157,164,182,202,203,207,213,214,216,218,219,231,237,240,247,249,258,263,264,280,290,317,331,352,363,374,411,412,416,419,431,445,447
461=14,15,57,58,59,63,70,91,92,104,138,156,164,168,182,203,206,207,213,214,216,218,231,237,240,241,244,247,249,250,258,259,263,264,269,280,289,290,332,347,363,371,373,374,398,399,404,411,416,419,421,445
462=63,85,86,87,92,104,113,115,148,153,156,164,182,203,207,214,216,218,237,240,241,244,263,278,290,351,360,363,416,430,451
463=14,15,53,57,58,59,63,70,76,85,87,89,91,92,104,126,138,153,156,157,164,168,182,201,203,207,213,214,216,218,231,237,240,241,244,247,249,250,263,264,280,290,317,351,352,360,363,374,411,416,431,445
464=14,15,46,53,57,58,59,63,70,85,87,89,91,92,104,126,156,157,164,168,182,201,203,207,213,214,216,218,231,237,240,241,249,250,263,264,280,290,317,351,363,371,374,397,398,406,411,416,419,421,430,431,444,445,446
465=14,15,63,70,76,89,92,104,115,148,156,157,164,168,182,188,202,203,207,213,214,216,218,237,241,244,249,263,280,290,317,331,332,351,363,371,374,398,411,412,416,445,447
466=53,63,70,85,86,87,89,91,92,94,104,113,148,156,157,164,168,182,203,207,213,214,216,218,231,237,240,249,259,263,264,269,280,290,317,351,363,374,411,416,431,445,451
467=53,63,70,76,85,89,92,94,104,126,156,157,164,168,182,203,207,213,214,216,218,231,237,241,249,259,261,263,264,269,280,290,315,317,363,374,411,416,431,445
468=19,53,63,76,86,92,94,104,113,115,126,138,148,156,164,182,203,207,211,213,214,216,218,219,237,240,241,244,247,249,263,264,280,290,318,332,351,352,355,363,365,374,409,416,432,445,447
469=63,76,92,94,104,138,148,156,164,168,182,202,203,207,211,213,214,216,218,237,241,244,247,263,290,318,332,355,363,369,416,432,445
470=14,46,63,70,76,91,92,104,148,156,164,182,202,203,207,213,214,216,218,231,237,240,241,247,249,263,290,331,332,363,404,412,416,445,447
471=46,58,59,63,70,91,92,104,156,164,182,203,207,213,214,216,218,231,237,240,241,247,249,258,263,290,352,363,416,419,445
472=14,15,63,70,89,91,92,104,156,157,164,168,182,188,201,203,206,207,211,213,214,216,218,231,237,240,241,249,259,263,269,280,290,317,332,355,363,369,371,374,397,398,399,404,416,432,444,445,446
473=46,58,59,63,70,89,91,92,104,113,115,156,157,164,182,201,203,207,213,214,216,218,237,240,249,258,263,290,317,363,416,419,431,444,445,446
474=58,59,63,76,85,86,87,92,94,104,138,148,156,164,168,182,203,207,214,216,218,231,237,240,241,244,247,263,278,290,332,351,363,373,399,416,433,451
475=14,15,63,70,85,86,89,92,94,104,113,115,138,148,156,157,164,168,182,203,206,207,213,214,216,218,219,237,240,241,244,247,249,259,263,264,269,278,280,285,289,290,317,332,339,347,351,363,374,398,404,409,411,416,433,444,445,447,451
476=63,70,85,86,87,89,92,104,153,156,157,164,182,201,203,207,213,214,216,218,237,241,249,259,263,269,290,317,351,363,397,416,430,444,445,446
477=58,59,63,70,89,92,94,104,138,148,156,157,164,168,182,203,207,213,214,216,218,237,240,241,244,247,249,259,261,263,264,269,280,285,289,290,317,347,363,371,373,374,399,411,416,433,445,451
478=58,59,63,85,86,87,92,94,104,113,138,148,156,164,182,203,207,213,214,216,218,219,237,240,244,247,258,259,263,269,289,290,351,352,363,371,373,374,416,419,445
479=85,86,87,92,104,113,115,138,148,156,164,168,182,203,207,214,216,218,237,240,241,244,247,261,263,289,290,351,363,399,451
479=85,86,87,92,104,113,115,138,148,156,164,168,182,203,207,214,216,218,237,240,241,244,247,261,263,289,290,351,363,399,451
479=85,86,87,92,104,113,115,138,148,156,164,168,182,203,207,214,216,218,237,240,241,244,247,261,263,289,290,351,363,399,451
479=85,86,87,92,104,113,115,138,148,156,164,168,182,203,207,214,216,218,237,240,241,244,247,261,263,289,290,351,363,399,451
479=85,86,87,92,104,113,115,138,148,156,164,168,182,203,207,214,216,218,237,240,241,244,247,261,263,289,290,351,363,399,451
479=85,86,87,92,104,113,115,138,148,156,164,168,182,203,207,214,216,218,237,240,241,244,247,261,263,289,290,351,363,399,451
480=63,76,85,86,87,92,94,104,113,115,138,148,156,164,182,201,202,203,207,214,216,218,219,231,237,240,241,244,247,263,278,285,290,347,351,352,363,369,374,412,416,433,446,447,451
481=58,59,63,85,86,87,92,94,104,113,115,138,148,156,164,182,201,203,207,214,216,218,219,231,237,240,241,244,247,263,278,285,290,347,351,352,363,369,374,412,416,433,446,447,451
482=53,63,85,86,87,92,94,104,113,115,126,138,148,153,156,164,182,201,203,207,214,216,218,219,231,237,240,241,244,247,259,263,269,278,285,290,347,351,352,363,369,371,374,412,416,433,446,447,451
483=15,46,53,58,59,63,70,85,86,87,89,92,104,126,148,156,157,164,182,201,203,207,214,216,218,219,231,237,240,241,244,249,263,280,290,315,317,332,337,339,351,363,406,416,421,430,433,444,446
484=15,46,53,57,58,59,63,70,85,86,87,89,92,104,126,156,157,164,182,201,203,207,214,216,218,219,237,240,241,244,249,250,258,263,264,280,290,317,332,337,339,351,352,362,363,374,406,411,416,419,421,433,444
485=46,53,63,70,76,89,91,92,104,126,153,156,157,164,182,203,207,213,214,216,218,237,241,249,259,261,263,269,290,315,317,363,371,399,406,416,430,431,444,445,446
486=63,70,85,86,87,89,92,104,157,164,203,207,214,216,218,219,237,240,241,244,249,263,264,280,290,317,332,351,363,374,397,409,411,416,419,431,444
487=15,19,46,63,70,85,86,87,89,92,94,104,138,156,164,182,203,207,211,214,216,218,219,231,237,240,241,244,247,249,261,263,290,318,332,337,347,351,363,371,399,406,412,416,421,431,432,444,451
488=58,63,76,86,92,94,104,113,115,138,148,156,164,182,203,207,213,214,216,218,219,237,240,241,244,247,263,278,285,290,347,363,412,416,433,445,447,451
489=57,58,59,92,104,127,156,164,182,203,207,214,216,218,219,237,240,244,250,258,263,290,352,362,363,369,374,447
490=57,58,59,63,92,94,104,113,115,127,148,156,164,182,203,207,214,216,218,219,237,240,244,247,250,258,263,285,290,347,352,362,363,369,374,412,416,447
491=14,15,58,59,63,70,85,86,87,92,94,104,138,148,156,157,164,168,182,188,203,207,214,216,218,237,240,241,244,247,249,259,261,263,264,269,280,289,290,317,332,347,351,363,371,373,374,398,399,404,409,411,416,421,431,451
492=14,63,76,92,94,104,148,156,164,182,202,203,207,214,216,218,219,237,241,244,263,290,331,363,412,416,447
493=14,15,19,46,53,57,58,59,63,70,76,85,86,87,89,92,94,104,113,115,126,127,138,148,156,157,164,182,188,201,202,203,207,214,216,218,219,231,237,240,241,244,247,249,250,258,261,263,278,280,290,315,317,318,331,332,337,347,351,352,362,363,371,398,399,404,406,411,412,416,419,421,430,431,432,433,444,446,447,451