1=14,15,70,76,92,104,113,148,156,164,182,188,207,213,216,218,219,237,241,249,263,412,447,474,496,497
2=14,15,70,76,92,104,113,148,156,164,182,188,207,213,216,218,219,237,241,249,263,412,447,474,496,497
3=14,15,46,63,70,76,89,92,104,113,148,156,164,182,188,207,213,216,218,219,237,241,249,263,412,416,447,474,496,497,523
4=14,15,53,70,91,92,104,126,156,157,164,182,207,213,216,218,237,241,249,261,263,280,315,317,332,337,374,421,468,488,496,497,510
5=14,15,53,70,91,92,104,126,156,157,164,182,207,213,216,218,237,241,249,261,263,280,315,317,332,337,374,421,468,488,496,497,510
6=14,15,19,46,53,63,70,76,89,91,92,104,126,156,157,164,182,207,213,216,218,237,241,249,261,263,280,315,317,332,337,374,411,416,421,468,488,496,497,507,510,523,525
7=57,58,59,70,91,92,104,127,156,164,182,207,213,216,218,237,240,249,258,263,280,291,317,360,374,496,503
8=57,58,59,70,91,92,104,127,156,164,182,207,213,216,218,237,240,249,258,263,280,291,317,360,374,496,503
9=46,57,58,59,63,70,89,91,92,104,127,156,157,164,182,207,213,216,218,237,240,249,258,263,280,291,317,360,374,411,416,430,479,496,503,523,525
12=63,76,92,94,104,138,148,156,164,168,182,207,213,216,218,219,237,240,241,244,247,263,332,369,412,416,474,496,512,522
15=14,15,63,76,92,104,148,156,164,168,182,188,206,207,213,216,218,237,241,249,263,280,332,369,371,398,404,416,474,496,512,522
16=19,92,104,156,164,168,182,207,213,216,218,237,240,241,263,332,365,369,496,526
17=19,92,104,156,164,168,182,207,213,216,218,237,240,241,263,332,365,369,496,526
18=19,63,92,104,156,164,168,182,207,213,216,218,237,240,241,263,332,365,369,416,496,526
19=15,58,59,85,86,87,91,92,104,156,164,168,182,207,213,216,218,237,240,241,247,249,263,269,365,369,447,451,496,514,526,528
20=14,15,46,58,59,63,70,85,86,87,91,92,104,156,164,168,182,207,213,216,218,237,240,241,247,249,263,269,365,369,416,447,451,496,514,526,528
21=19,92,104,156,164,168,182,206,207,213,216,218,237,240,241,263,332,365,369,496,497,526
22=19,63,92,104,156,164,168,182,206,207,213,216,218,237,240,241,263,332,365,369,416,496,497,526
23=70,89,91,92,104,156,157,164,168,182,188,207,213,216,218,237,240,241,259,263,317,371,398,474,482,496,523
24=63,70,89,91,92,104,156,157,164,168,182,188,207,213,216,218,237,240,241,259,263,317,371,398,416,474,482,496,523,525
25=70,85,86,87,91,92,104,113,148,156,164,182,207,213,216,218,237,240,249,263,280,374,447,451,496,497,521,528
26=63,70,85,86,87,91,92,104,113,148,156,164,168,182,207,213,216,218,237,240,249,263,280,374,411,416,447,451,496,497,521,528
27=14,15,70,89,91,92,104,156,157,164,168,182,201,207,213,216,218,219,237,241,249,263,280,317,332,360,374,398,404,421,468,496,523
28=14,15,63,70,89,91,92,104,156,157,164,168,182,201,207,213,216,218,219,237,241,249,263,280,317,332,360,374,398,404,411,416,421,444,468,496,523
29=15,58,59,70,85,87,91,92,104,156,164,168,182,188,207,213,216,218,237,240,241,249,263,332,398,421,468,474,496
30=15,58,59,70,85,87,91,92,104,156,164,168,182,188,207,213,216,218,237,240,241,249,263,332,398,421,468,474,496,497
31=15,46,53,57,58,59,63,70,85,87,89,91,92,104,126,156,157,164,168,182,188,201,207,213,216,218,237,240,241,247,249,259,263,269,280,317,332,374,398,411,416,421,444,468,474,479,482,496,497,510,511,523,525
32=15,58,59,70,85,87,91,92,104,156,164,168,182,188,207,213,216,218,237,240,241,249,263,398,421,468,474,496,497
33=15,58,59,70,85,87,91,92,104,156,164,168,182,188,207,213,216,218,237,240,241,249,263,398,421,468,474,496,497
34=15,46,53,57,58,59,63,70,85,87,89,91,92,104,126,156,157,164,168,182,188,201,207,213,216,218,237,240,241,247,249,259,263,269,280,317,374,398,411,416,421,444,468,474,479,482,496,497,510,511,523,525
35=53,58,59,70,76,85,86,87,91,92,94,104,113,115,126,138,148,156,164,182,207,213,216,218,219,237,240,241,244,247,249,263,280,347,374,447,451,473,477,496,497,510,514,526
36=53,58,59,63,70,76,85,86,87,91,92,94,104,113,115,126,138,148,156,164,182,207,213,216,218,219,237,240,241,244,247,249,263,280,347,374,411,416,447,451,473,477,496,497,510,514,526
37=46,53,91,92,104,126,156,164,182,207,213,216,218,219,237,241,244,261,263,315,371,412,488,496,510
38=46,53,63,76,91,92,104,126,138,156,164,182,207,213,216,218,219,237,241,244,261,263,315,347,371,412,416,473,488,496,510
39=53,58,59,70,76,85,86,87,91,92,94,104,113,115,126,138,148,156,164,182,207,213,216,218,219,237,240,241,244,247,263,280,360,374,447,451,496,497,510,514,526,528
40=53,58,59,63,70,76,85,86,87,91,92,94,104,113,115,126,138,148,156,164,182,207,213,216,218,219,237,240,241,244,247,263,280,360,374,411,416,447,451,496,497,510,514,526,528
41=19,92,104,156,164,168,182,188,207,213,216,218,237,240,241,247,259,263,269,332,365,369,371,474,496,512
42=19,63,92,104,156,164,168,182,188,207,213,216,218,237,240,241,247,259,263,269,332,365,369,371,416,474,496,512
43=14,15,76,92,104,148,156,164,182,188,207,213,216,218,237,241,263,412,447,474,496
44=14,15,76,92,104,148,156,164,182,188,207,213,216,218,237,241,263,374,412,447,474,496
45=14,15,63,76,92,104,148,156,164,182,188,207,213,216,218,237,241,263,374,412,416,447,474,496
46=14,15,76,91,92,104,113,148,156,164,168,182,188,206,207,213,216,218,237,241,249,263,280,332,404,412,447,468,474,496,522
47=14,15,63,76,91,92,104,113,148,156,164,168,182,188,206,207,213,216,218,237,241,249,263,280,332,404,412,416,447,468,474,496,522
48=76,92,94,104,148,156,164,168,182,188,207,213,216,218,237,241,263,474,496,522
49=63,76,92,94,104,148,156,164,168,182,188,207,213,216,218,237,241,263,332,369,412,416,474,496,512,522
50=15,89,91,92,104,156,157,164,168,182,188,201,207,213,216,218,237,241,249,263,317,332,421,468,496,497,523
51=15,63,89,91,92,104,156,157,164,168,182,188,201,207,213,216,218,237,241,249,263,317,332,416,421,444,468,482,496,497,523
52=15,85,87,91,92,104,138,148,156,164,168,182,207,213,216,218,237,240,241,244,247,259,263,269,332,369,371,421,468,496,497,514,526
53=15,46,63,85,87,91,92,104,138,148,156,164,168,182,207,213,216,218,237,240,241,244,247,259,263,269,332,369,371,373,416,421,468,496,497,514,526
54=57,58,59,70,91,92,94,104,113,127,148,156,164,182,207,213,216,218,237,240,244,249,258,263,280,291,332,347,374,421,468,473,477,496,503
55=57,58,59,63,70,91,92,94,104,113,127,148,156,164,182,207,213,216,218,237,240,244,249,258,263,280,291,332,347,374,411,416,421,468,473,477,490,496,503
56=70,85,87,89,91,92,104,156,157,164,168,182,207,213,216,218,237,240,241,249,263,269,280,315,317,332,339,369,371,374,398,411,468,479,490,496,512,514,523,526
57=63,70,85,87,89,91,92,104,156,157,164,168,182,207,213,216,218,237,240,241,249,263,269,280,315,317,332,339,369,371,374,398,411,416,444,468,479,490,496,512,514,523,526
58=46,53,70,91,92,104,126,156,164,168,182,207,213,216,218,219,237,241,249,261,263,315,332,488,496,510,514,528,555
59=46,53,63,70,76,91,92,104,126,156,164,168,182,207,213,216,218,219,237,241,249,261,263,315,332,416,488,496,510,514,523,528,555
60=57,58,59,91,92,94,104,127,156,164,168,182,207,213,216,218,237,240,258,263,291,496,503
61=57,58,59,70,89,91,92,94,104,127,156,164,168,182,207,213,216,218,237,240,249,258,263,280,291,374,496,503,523
62=57,58,59,63,70,89,91,92,94,104,127,156,157,164,168,182,207,213,216,218,237,240,249,258,263,280,291,317,339,371,374,398,411,416,490,496,503,523,526
63=86,92,94,104,113,115,138,148,156,164,168,182,207,213,216,218,219,237,240,241,244,247,259,263,269,347,373,374,412,433,447,451,473,477,496,502
64=86,92,94,104,113,115,138,148,156,164,168,182,207,213,216,218,219,237,240,241,244,247,259,263,269,347,373,374,412,433,447,451,473,477,496,502
65=63,86,92,94,104,113,115,138,148,156,164,168,182,207,213,216,218,219,237,240,241,244,247,259,263,269,347,373,374,411,412,416,433,447,451,473,477,496,502
66=53,70,89,91,92,104,113,126,156,157,164,168,182,207,213,216,218,237,240,241,249,263,280,317,339,371,374,398,411,479,490,496,510,514,523,526
67=53,70,89,91,92,104,113,126,156,157,164,168,182,207,213,216,218,237,240,241,249,263,280,317,339,371,374,398,411,479,490,496,510,514,523,526
68=53,63,70,89,91,92,104,113,126,156,157,164,168,182,207,213,216,218,237,240,241,249,263,280,317,339,371,374,398,411,416,444,479,490,496,510,514,523,526
69=14,15,76,92,104,115,148,156,164,168,182,188,207,213,216,218,237,241,263,412,447,474,496
70=14,15,76,92,104,115,148,156,164,168,182,188,207,213,216,218,237,241,263,412,447,474,496
71=14,15,63,76,92,104,115,148,156,164,168,182,188,207,213,216,218,237,241,263,412,416,447,474,496
72=14,15,57,58,59,92,104,127,156,164,168,182,188,207,213,216,218,219,237,240,258,263,291,371,398,474,482,496,503
73=14,15,57,58,59,63,92,104,127,156,164,168,182,188,207,213,216,218,219,237,240,258,263,291,371,398,416,474,482,496,503
74=53,70,89,91,92,104,126,153,156,157,164,182,201,207,213,216,218,237,241,249,263,280,317,360,374,397,444,479,496,510,523
75=53,70,89,91,92,104,126,153,156,157,164,182,201,207,213,216,218,237,241,249,263,280,317,360,374,397,444,479,496,510,523
76=46,53,63,70,89,91,92,104,126,153,156,157,164,182,201,207,213,216,218,237,241,249,263,280,317,360,374,397,411,416,444,479,496,510,523
77=53,70,76,92,104,126,156,164,182,207,213,216,218,237,241,261,263,315,488,496,497,510,528
78=53,63,70,76,92,104,126,156,164,182,207,213,216,218,237,241,261,263,315,398,416,488,496,497,510,528
79=53,57,58,59,70,86,89,91,92,94,104,113,126,138,148,156,164,182,207,213,216,218,219,237,240,241,244,247,258,263,291,347,433,447,473,477,496,497,503,510,523
80=53,57,58,59,63,70,86,89,91,92,94,104,113,126,138,148,156,164,182,207,213,216,218,219,237,240,241,244,247,249,258,263,280,291,332,347,374,411,416,433,447,473,477,496,497,503,510,523
81=85,86,87,92,104,113,115,148,153,156,164,182,207,216,218,237,240,241,244,263,360,430,451,496,521,528
82=63,85,86,87,92,104,113,115,148,153,156,164,182,207,216,218,237,240,241,244,263,360,416,430,451,496,521,528
83=14,15,19,92,104,156,164,168,182,206,207,213,216,218,237,241,244,263,332,365,369,398,496,512,514,526
84=19,92,104,156,164,168,182,207,213,216,218,237,241,263,332,365,496,497,526
85=19,63,92,104,156,164,168,182,207,213,216,218,237,241,259,263,269,332,365,371,416,496,497,526
86=57,58,59,92,104,127,156,164,168,182,207,213,216,218,219,237,240,258,263,291,374,496,497
87=57,58,59,63,92,104,127,156,164,168,182,207,213,216,218,219,237,240,258,263,291,374,416,496,497,524
88=53,70,85,87,91,92,104,126,153,156,157,164,168,182,188,207,213,216,218,237,240,241,247,259,263,269,317,371,374,398,474,482,496,510
89=53,63,70,85,87,91,92,104,126,153,156,157,164,168,182,188,207,213,216,218,237,240,241,247,249,259,263,269,280,317,371,374,398,411,416,474,482,496,510
90=57,58,59,92,104,153,156,164,182,207,213,216,218,237,240,258,263,291,371,496
91=57,58,59,63,92,104,153,156,164,182,207,213,216,218,237,240,258,259,263,291,371,398,416,496,524
92=85,92,94,104,138,153,156,164,168,182,188,207,213,216,218,237,240,241,244,247,259,261,263,269,371,373,412,433,474,477,496
93=85,92,94,104,138,153,156,164,168,182,188,207,213,216,218,237,240,241,244,247,259,261,263,269,371,373,374,398,412,421,433,474,477,496
94=63,70,85,87,92,94,104,138,153,156,164,168,182,188,207,213,216,218,237,240,241,244,247,249,259,261,263,269,280,371,373,374,398,411,412,416,421,433,474,477,496
95=46,70,89,91,92,104,153,156,157,164,182,201,207,213,216,218,237,241,244,249,259,263,269,317,360,371,397,430,444,479,496,523,525
96=86,92,94,104,113,115,138,148,156,164,168,182,207,213,216,218,219,237,240,241,244,247,259,263,269,280,347,374,433,447,473,477,490,496
97=63,86,92,94,104,113,115,138,148,156,164,168,182,207,213,216,218,219,237,240,241,244,247,259,263,269,280,347,374,411,416,433,447,473,477,490,496
98=14,15,57,58,59,70,91,92,104,156,157,164,168,182,206,207,213,216,218,237,240,249,258,263,280,291,317,374,404,468,496,503
99=14,15,57,58,59,63,70,91,92,104,156,157,164,168,182,206,207,213,216,218,237,240,249,258,263,280,291,317,374,404,416,468,496,503,511
100=85,86,87,92,104,113,148,153,156,164,168,182,207,216,218,237,240,259,263,269,360,451,496,521,528
101=63,85,86,87,92,104,113,148,153,156,164,168,182,207,216,218,237,240,259,263,269,360,416,451,496,521,528
102=14,70,76,92,94,104,113,115,138,148,153,156,164,168,182,188,207,213,216,218,237,241,244,263,412,433,447,477,496
103=14,63,70,76,92,94,104,113,115,138,148,153,156,164,168,182,188,207,213,216,218,237,241,244,263,412,416,433,447,473,477,496
104=14,53,58,59,70,89,91,92,104,126,156,157,164,168,182,201,206,207,213,216,218,237,241,249,263,280,317,332,374,479,496,497,510,514,523
105=14,53,58,59,63,70,89,91,92,104,126,156,157,164,168,182,201,206,207,213,216,218,237,241,249,263,280,317,332,374,411,416,444,479,496,497,510,514,523
106=70,89,92,104,156,157,164,168,182,207,213,216,218,237,240,241,249,263,280,317,339,374,398,411,444,490,496,514,523,526
107=70,89,92,104,156,157,164,168,182,207,213,216,218,237,240,241,249,263,280,317,339,374,411,444,490,496,514,523,526
108=14,15,53,57,58,59,63,70,76,85,87,89,91,92,104,126,138,156,157,164,168,182,201,207,213,216,218,237,240,241,244,247,249,263,280,317,374,416,496,510,514,523,525,526
109=53,85,87,92,104,126,148,153,156,164,168,182,188,207,213,216,218,237,240,241,247,259,261,263,269,360,371,474,496,510
110=53,63,85,87,92,104,126,148,153,156,164,168,182,188,207,213,216,218,237,240,241,247,259,261,263,269,360,371,416,474,496,510
111=14,46,53,58,59,70,85,87,89,91,92,104,126,156,157,164,168,182,201,207,213,216,218,237,240,241,249,263,317,371,397,398,444,496,510,523
112=14,15,46,53,57,58,59,63,70,85,87,89,91,92,104,126,156,157,164,168,182,201,207,213,216,218,237,240,241,249,263,280,317,371,374,397,398,411,416,421,444,479,496,510,523,525
113=53,58,59,63,70,76,85,86,87,89,92,94,104,113,126,138,148,156,157,164,182,201,207,213,216,218,219,237,240,241,244,247,249,258,263,280,317,347,374,416,447,451,496,497,510,514,523,526,528
114=14,15,63,76,92,104,115,148,156,164,168,182,188,207,213,216,218,237,241,244,249,263,412,416,447,496
115=15,46,53,57,58,59,63,70,76,85,87,89,91,92,104,126,156,157,164,168,182,201,207,213,216,218,219,237,240,241,247,249,258,263,280,317,332,374,411,416,421,496,510,514,523,526
116=57,58,59,92,104,127,156,164,182,207,213,216,218,237,240,258,263,291,430,496,503
117=57,58,59,63,92,104,127,156,164,182,207,213,216,218,237,240,258,263,291,416,430,496,503
118=57,58,59,92,104,127,156,164,182,207,213,216,218,237,240,258,263,291,398,496,503
119=57,58,59,63,92,104,127,156,164,182,207,213,216,218,237,240,258,263,291,398,416,496,503
120=57,58,59,85,86,87,92,94,104,113,115,127,148,156,164,182,207,216,218,237,240,244,258,263,291,360,430,496,503
121=57,58,59,63,85,86,87,92,94,104,113,115,127,138,148,156,164,182,207,216,218,237,240,244,258,263,291,360,416,430,433,447,473,477,496,503
122=63,76,85,86,87,92,94,104,113,115,138,148,156,164,168,182,207,213,216,218,219,237,240,241,244,247,259,263,269,280,332,347,371,374,411,412,416,433,447,451,473,477,496
123=14,15,63,92,104,113,156,164,168,182,206,207,213,216,218,219,237,240,241,249,263,280,332,369,404,416,496,522
124=58,59,63,92,94,104,113,115,138,148,156,164,168,182,207,213,216,218,237,240,244,247,258,259,263,269,280,347,371,374,411,412,416,433,447,473,477,496,497,524
125=63,70,85,86,87,92,94,104,113,148,156,164,168,182,207,213,216,218,237,240,249,263,280,374,411,416,451,490,496,521,528
126=53,63,70,92,94,104,126,156,164,168,182,207,213,216,218,237,241,249,261,263,280,315,374,411,416,488,490,496,510
127=14,15,63,70,89,91,92,104,156,157,164,168,182,206,207,213,216,218,237,240,241,249,263,280,317,339,374,404,411,416,444,479,496,522,523
128=53,57,58,59,63,70,76,85,87,89,92,104,126,156,157,164,182,201,207,213,216,218,237,240,241,249,263,317,371,416,444,496,510,514,523,526,528
130=46,53,57,58,59,63,70,85,86,87,89,92,104,126,127,156,164,182,201,207,213,216,218,237,240,249,258,259,263,269,291,371,416,444,496,503,510,523,525
131=46,57,58,59,63,70,85,87,92,94,104,127,138,156,164,182,207,213,216,218,219,237,240,249,258,263,291,416,496,497,523,524
133=91,92,104,156,164,182,207,213,216,218,237,240,241,247,263,496,497,514,526
134=46,57,58,59,63,70,91,92,104,127,156,164,182,207,213,216,218,237,240,241,247,249,258,263,291,416,496,497,503,514,526
135=46,63,70,85,86,87,91,92,104,113,148,156,164,182,207,213,216,218,237,240,241,247,249,263,416,451,496,497,514,521,526,528
136=46,53,63,70,91,92,104,126,156,164,182,207,213,216,218,237,240,241,247,249,261,263,315,416,488,496,497,510,514,526
137=58,59,63,76,85,86,87,92,94,104,138,148,156,164,168,182,207,216,218,237,240,241,244,247,263,332,416,433,451,473,496
138=57,58,59,92,104,127,156,157,164,168,182,201,207,213,216,218,237,240,249,258,263,291,317,360,397,479,496,503
139=57,58,59,63,92,104,127,156,157,164,168,182,201,207,213,216,218,237,240,249,258,263,291,317,360,397,416,444,479,496,503
140=57,58,59,91,92,104,127,156,157,164,168,182,201,207,213,216,218,237,240,249,258,263,317,397,468,479,496,503
141=14,15,57,58,59,63,91,92,104,127,156,157,164,168,182,201,207,213,216,218,237,240,249,258,263,280,291,317,332,397,404,416,444,468,479,496,503
142=19,46,53,63,70,89,92,104,126,156,157,164,168,182,201,207,213,216,218,237,240,241,249,259,263,269,317,332,337,371,397,416,444,468,479,496,507,510,523
143=53,57,58,59,63,70,76,85,87,89,92,94,104,126,156,157,164,182,201,207,213,216,218,237,240,241,247,249,263,280,317,374,411,416,479,496,510,514,523,526,528
144=19,46,58,59,63,92,104,115,156,164,182,201,207,216,218,237,240,241,249,258,263,332,365,369,416,496,507,524
145=19,46,63,85,86,87,92,104,113,148,156,164,182,201,207,216,218,237,240,241,249,263,332,365,369,416,451,496,507,521,528
146=19,46,53,63,76,92,104,126,156,164,182,201,207,216,218,219,237,240,241,249,261,263,315,332,365,369,416,488,496,507,510
147=53,57,58,59,63,85,86,87,92,104,113,126,127,156,164,182,207,213,216,218,219,237,240,241,258,263,496,510,525
148=53,57,58,59,63,85,86,87,92,104,113,126,127,156,164,182,207,213,216,218,219,237,240,241,258,263,496,510,525
149=15,19,46,53,57,58,59,63,70,85,86,87,89,92,104,113,126,127,156,157,164,182,201,207,213,216,218,219,237,240,241,249,258,263,280,291,317,332,337,374,411,416,444,468,496,507,510,523,525
150=53,58,59,63,70,76,85,86,87,89,92,94,104,113,115,126,138,148,156,157,164,182,201,207,216,218,219,237,240,241,244,247,249,258,259,261,263,269,280,317,332,339,347,373,374,398,411,412,416,433,444,447,451,473,477,490,496,510,523
151=14,15,19,46,53,57,58,59,63,70,76,85,86,87,89,91,92,94,104,113,115,126,127,138,148,153,156,157,164,168,182,188,201,206,207,213,216,218,219,237,240,241,244,247,249,258,259,261,263,269,280,291,315,317,332,337,339,347,360,365,369,371,373,374,397,398,404,411,412,416,421,430,433,444,447,451,468,473,474,477,479,482,488,490,496,497,502,503,507,510,511,512,514,521,522,523,524,525,526,528,555
152=14,15,76,92,104,113,115,148,156,164,182,207,213,216,218,219,237,241,263,412,447,496,497
153=14,15,70,76,92,104,113,115,148,156,164,182,207,213,216,218,219,237,241,249,263,412,447,496,497
154=14,15,63,70,76,89,92,104,113,115,148,156,164,182,207,213,216,218,219,237,241,249,263,412,416,447,496,497,523,525
155=15,53,91,92,104,126,156,164,182,207,213,216,218,237,241,261,263,315,332,488,496,510,528
156=15,46,53,70,91,92,104,126,156,164,182,207,213,216,218,237,241,249,261,263,280,315,332,488,496,510,528
157=15,46,53,63,70,76,89,91,92,104,126,156,157,164,182,207,213,216,218,237,241,249,261,263,280,315,317,332,360,374,411,416,421,488,496,510,523,528
158=14,15,57,58,59,91,92,104,127,156,157,164,182,207,213,216,218,237,240,258,263,280,291,317,332,337,374,421,468,496,503
159=14,15,46,57,58,59,70,91,92,104,127,156,157,164,182,207,213,216,218,237,240,249,258,263,280,291,317,332,337,374,421,468,496,503
160=14,15,46,57,58,59,63,70,89,91,92,104,127,156,157,164,182,207,213,216,218,237,240,249,258,263,280,291,317,332,337,374,411,416,421,468,496,503,523,525
161=15,53,57,58,76,85,91,92,104,156,164,168,182,207,213,216,218,237,240,241,247,263,280,369,374,421,447,451,468,496,497,514,526
162=15,53,57,58,59,63,70,76,85,87,91,92,104,156,164,168,182,207,213,216,218,237,240,241,247,249,263,280,369,374,411,416,421,447,451,468,496,497,514,526
163=19,92,94,104,115,138,156,164,168,182,207,213,216,218,237,240,241,244,247,263,332,365,496,497,526
164=19,63,92,94,104,115,138,156,164,168,182,207,213,216,218,237,240,241,244,247,263,332,365,416,496,497,526
165=14,76,91,92,104,113,115,148,156,164,168,182,207,213,216,218,219,237,241,263,280,332,369,374,496,512,522
166=14,63,70,76,91,92,104,113,115,148,156,164,168,182,207,213,216,218,219,237,241,249,263,280,332,369,374,411,416,496,512,522
167=76,91,92,94,104,148,156,164,168,182,188,207,213,216,218,237,241,263,398,404,468,474,496,522
168=63,76,91,92,94,104,148,156,164,168,182,188,207,213,216,218,237,241,263,398,404,416,468,474,496,522
169=19,63,92,104,156,164,168,182,188,207,213,216,218,237,240,241,247,259,263,269,332,365,369,371,404,416,474,496,512
170=57,58,59,85,86,87,92,104,127,148,156,164,182,207,213,216,218,237,240,258,263,291,451,496,503,521,528
171=57,58,59,63,85,86,87,92,104,127,148,156,164,182,207,213,216,218,237,240,258,263,291,416,451,496,503,521,528
172=85,86,87,92,104,113,148,156,164,182,207,213,216,218,237,240,263,374,447,451,496,497,521,528
173=53,76,86,91,92,94,104,113,115,126,138,148,156,164,182,207,213,216,218,219,237,240,241,244,247,263,374,447,473,477,496,497,510,526
174=53,76,86,91,92,94,104,113,115,126,138,148,156,164,182,207,213,216,218,219,237,240,241,244,247,263,374,447,496,497,510,526,528
175=53,76,86,92,94,104,113,115,126,138,148,156,164,182,207,213,216,218,219,237,240,241,244,247,249,263,374,447,473,477,496,497,510,526
176=19,53,63,76,86,92,94,104,113,115,126,138,148,156,164,182,207,213,216,218,219,237,240,241,244,247,249,263,280,332,374,416,447,473,477,496,497,510,514,526
177=76,86,92,94,104,113,115,138,148,156,164,168,182,207,213,216,218,237,240,241,244,247,263,332,347,365,369,433,447,473,477,496,502
178=19,63,76,86,92,94,104,113,115,138,148,156,164,168,182,207,213,216,218,237,240,241,244,247,263,332,347,365,369,416,433,447,473,477,496,502
179=85,86,87,92,104,113,148,156,164,182,207,213,216,218,219,237,240,263,451,496,497,528
180=70,85,86,87,92,104,113,148,156,164,182,207,213,216,218,219,237,240,249,263,280,374,451,496,497,521,528
181=63,70,85,86,87,92,104,113,148,156,164,182,207,213,216,218,219,237,240,249,263,280,374,411,416,451,496,497,521,523,528
182=14,15,63,76,92,104,148,156,164,182,188,207,213,216,218,219,237,241,263,374,412,416,447,474,496
183=57,58,59,70,91,92,104,113,127,156,164,182,207,213,216,218,237,240,249,258,263,280,291,374,447,496,503,526
184=57,58,59,63,70,91,92,104,113,127,156,164,182,207,213,216,218,237,240,249,258,263,280,291,374,411,416,447,496,503,523,526
185=70,89,91,92,104,153,156,157,164,168,182,201,207,213,216,218,237,241,244,249,259,263,269,280,317,347,374,397,444,479,496,523
186=57,58,59,63,70,89,91,92,94,104,127,156,164,168,182,207,213,216,218,237,240,249,258,263,280,291,371,374,411,416,496,497,503,523
187=14,76,92,104,115,148,156,164,182,207,213,216,218,237,241,244,263,332,369,412,447,496,512
188=14,76,92,104,115,148,156,164,182,207,213,216,218,237,241,244,263,332,369,412,447,496,512
189=14,63,76,92,104,115,148,156,164,182,207,213,216,218,237,241,244,263,332,369,412,416,447,496,512
190=15,70,76,85,86,87,91,92,104,138,156,164,168,182,207,213,216,218,237,240,241,247,249,263,269,280,332,369,371,374,421,447,468,490,496,512,514,526
191=14,15,76,92,104,113,148,156,164,182,188,207,213,216,218,219,237,241,263,412,447,496
192=14,15,63,76,92,104,113,148,156,164,182,188,207,213,216,218,219,237,241,263,412,416,447,496
193=76,92,94,104,138,148,156,164,168,182,207,213,216,218,237,241,247,263,332,369,496
194=57,58,59,89,91,92,104,127,148,156,164,182,188,201,207,213,216,218,219,237,240,249,258,263,291,482,496,503,523
195=57,58,59,63,70,89,91,92,104,127,148,156,157,164,168,182,188,201,207,213,216,218,219,237,240,249,258,263,280,291,317,374,411,416,444,482,496,503,523
196=15,63,91,92,94,104,113,115,138,148,156,164,182,207,213,216,218,237,240,241,244,247,263,347,416,433,447,473,477,496,497,514,526
197=15,63,91,92,94,104,138,148,156,164,182,207,213,216,218,237,240,241,244,247,259,263,269,371,416,496,497,514,526,555
198=19,86,92,94,104,138,156,164,168,182,207,213,216,218,237,240,241,244,247,259,263,269,332,347,365,371,373,496,511,514,555
199=53,57,58,59,63,70,86,89,91,92,94,104,113,126,138,148,156,164,182,207,213,216,218,219,237,240,241,244,247,249,258,263,280,291,347,374,411,416,433,447,473,477,496,497,503,510,511,523,525
200=85,86,87,92,94,104,138,148,156,164,168,182,207,213,216,218,237,240,241,244,247,259,261,263,269,332,347,371,373,433,451,477,496,497
203=70,85,86,87,89,92,94,104,113,115,138,148,156,164,168,182,207,213,216,218,237,240,241,244,247,249,263,347,412,433,447,451,473,477,496,497,514,523,526
204=70,76,89,91,92,104,113,115,153,156,157,164,182,201,207,213,216,218,237,241,249,263,317,360,371,474,496,522,523
205=63,70,76,89,91,92,104,113,115,153,156,157,164,182,201,207,213,216,218,237,241,249,263,317,360,371,397,416,430,474,496,521,522,523
206=53,58,59,70,76,85,86,87,89,91,92,104,126,138,156,157,164,168,182,207,213,216,218,237,240,241,244,247,249,263,317,347,360,398,451,496,510,514,523,528
207=14,15,70,89,91,92,104,156,157,164,168,182,188,201,206,207,213,216,218,237,240,241,249,259,263,269,280,317,332,369,371,374,397,398,404,444,468,474,496,512,522,523
208=15,46,63,70,89,91,92,104,153,156,157,164,182,201,207,213,216,218,237,241,244,249,259,263,269,317,360,371,397,416,430,444,479,496,523,525
209=46,53,70,76,85,86,87,89,91,92,104,115,126,156,164,168,182,188,207,213,216,218,237,240,241,247,249,259,263,269,280,315,339,371,374,496,510,514,523,526,528,555
210=46,53,63,70,76,85,86,87,89,91,92,104,115,126,156,157,164,168,182,188,207,213,216,218,237,240,241,247,249,259,263,269,280,315,317,339,371,374,411,416,444,496,510,514,523,526,528,555
211=57,58,59,86,92,104,127,153,156,164,182,188,207,213,216,218,237,240,247,258,263,269,291,360,371,398,474,482,496,503
212=14,15,63,70,92,104,113,156,164,168,182,201,206,207,213,216,218,219,237,240,241,249,263,280,332,369,374,404,416,430,474,496,512,522
213=70,89,91,92,104,148,156,157,164,182,188,201,207,213,216,218,219,237,241,249,263,317,360,397,444,474,479,482,496,522,523
214=14,15,63,70,89,91,92,104,156,157,164,168,182,206,207,213,216,218,237,240,241,249,263,280,317,332,339,374,411,416,421,444,474,479,496,514,522,523,526
215=14,15,57,58,59,70,91,92,104,115,138,156,164,168,182,206,207,213,216,218,237,240,241,244,247,249,258,259,263,269,280,332,347,371,373,374,398,404,421,468,490,496,514,555
216=14,15,46,70,89,91,92,104,156,157,164,168,182,207,213,216,218,237,240,241,249,259,263,269,280,317,332,339,371,374,421,468,496,514,523,526
217=14,15,46,63,70,89,91,92,104,156,157,164,168,182,207,213,216,218,237,240,241,249,259,263,269,280,317,332,339,371,374,411,416,421,444,468,479,496,514,523,526
218=53,92,104,113,115,126,156,157,164,182,207,213,216,218,237,241,249,261,263,315,317,488,496,510
219=53,63,70,76,89,92,104,113,115,126,153,156,157,164,182,201,207,213,216,218,237,241,249,261,263,315,317,360,397,416,444,479,488,496,510,523
220=46,58,59,70,89,91,92,104,113,115,156,157,164,182,201,207,213,216,218,237,240,249,258,263,317,496,523
221=46,58,59,63,70,89,91,92,104,113,115,156,157,164,182,201,207,213,216,218,237,240,249,258,263,317,416,444,496,523
222=57,58,59,70,89,91,92,94,104,113,115,153,156,157,164,182,201,207,213,216,218,219,237,240,241,247,249,258,263,317,347,397,444,496,503,523
223=53,57,58,59,63,86,92,94,104,126,127,156,164,168,182,207,213,216,218,237,240,241,263,291,451,479,496,503,510
224=53,57,58,59,63,86,92,94,104,126,127,156,164,168,182,188,207,213,216,218,237,240,241,263,291,371,412,416,430,451,479,482,496,503,510
225=19,58,59,92,104,156,164,168,182,207,213,216,218,237,240,258,263,280,332,365,374,496,524
226=57,58,59,63,89,92,104,127,156,157,164,182,207,213,216,218,237,240,258,263,291,317,332,416,496,503,512,523
227=14,15,19,46,92,104,148,156,157,164,168,182,201,207,213,216,218,237,241,249,259,263,269,317,332,365,371,404,430,496,507
228=46,53,76,92,104,126,138,156,164,168,182,188,207,213,216,218,237,241,247,249,259,261,263,269,315,371,373,488,496,510,514,555
229=46,53,63,70,76,92,104,126,138,156,164,168,182,188,207,213,216,218,237,241,247,249,259,261,263,269,315,371,373,416,488,496,510,514,555
230=57,58,59,63,92,104,127,156,164,182,207,213,216,218,237,240,258,263,291,416,430,496,503,511
231=46,70,89,92,104,156,157,164,182,201,207,213,216,218,237,241,249,263,317,496,497,523
232=46,63,70,89,92,104,156,157,164,182,201,207,213,216,218,237,241,249,263,317,360,397,398,416,444,496,497,523
233=58,59,63,76,85,86,87,92,94,104,138,148,156,164,168,182,207,216,218,237,240,241,244,247,263,332,416,433,451,473,496
234=46,76,85,86,87,89,92,94,104,113,115,138,148,156,164,168,182,207,213,216,218,237,240,241,244,247,263,347,412,416,433,451,473,496,514,523,526,528
236=70,89,92,104,156,157,164,168,182,207,213,216,218,237,240,241,249,263,280,339,490,496,514,523,526
237=70,89,91,92,104,156,157,164,168,182,201,207,213,216,218,237,240,241,249,263,280,332,339,360,444,490,496,514,523,526
238=58,59,92,94,104,113,115,138,148,156,164,168,182,207,213,216,218,237,240,244,247,258,263,347,371,374,433,447,473,496,497,524
239=85,86,87,92,94,104,113,148,156,164,168,182,207,213,216,218,237,240,249,263,280,374,451,496,521,528
240=53,92,94,104,126,156,164,168,182,207,213,216,218,237,241,249,261,263,280,315,374,488,496,510
241=57,58,59,63,70,76,85,86,87,89,92,104,156,157,164,182,201,207,213,216,218,237,240,241,244,247,249,263,280,317,360,374,411,416,496,497,514,523,526
242=53,58,59,63,70,76,85,86,87,89,92,94,104,113,126,138,148,156,157,164,182,201,207,213,216,218,219,237,240,241,244,247,249,258,263,280,317,347,374,411,416,447,451,496,497,510,514,523,526,528
243=15,46,63,70,85,86,87,91,92,104,113,115,148,156,164,182,201,207,216,218,237,240,241,244,247,249,263,347,416,451,496,511,521,523,528,555
244=15,46,53,63,70,76,91,92,104,115,126,148,156,164,182,201,207,216,218,237,240,241,244,247,249,261,263,315,347,416,444,488,496,510,511,523,555
245=15,46,57,58,59,63,91,92,104,115,127,156,164,182,201,207,216,218,237,240,241,244,247,249,258,263,291,347,416,496,503,511,523,555
246=63,89,91,92,104,156,157,164,182,201,207,213,216,218,237,240,241,249,259,263,269,280,317,371,397,444,479,496,514,523,555
247=63,89,91,92,104,156,157,164,182,201,207,213,216,218,237,240,241,249,259,263,269,280,317,371,397,444,479,496,514,523,555
248=15,46,53,57,58,59,63,70,85,86,87,89,91,92,104,126,156,157,164,182,201,207,213,216,218,237,240,241,249,259,263,269,280,317,332,337,371,374,397,411,416,421,444,468,479,496,510,514,523,525,555
249=19,46,57,58,59,63,70,85,86,87,89,92,94,104,113,115,127,138,148,156,164,182,201,207,216,218,219,237,240,241,244,247,249,258,263,291,332,347,416,451,473,477,496,497,507,523,525
250=19,46,53,63,70,76,85,86,87,89,92,94,104,113,115,126,138,148,156,164,182,201,207,216,218,219,237,240,241,244,247,249,261,263,315,332,347,365,416,451,488,496,497,507,510,523
251=14,15,63,76,86,92,94,104,113,115,138,148,156,164,182,201,207,216,218,219,237,240,241,244,247,263,332,347,369,374,412,416,433,447,451,496,497
252=14,15,70,76,91,92,104,148,156,157,164,182,207,213,216,218,219,237,241,249,263,280,317,332,374,412,447,496,512
253=14,15,70,76,91,92,104,148,156,157,164,182,206,207,213,216,218,219,237,241,249,263,280,317,332,374,404,412,447,490,496,512
254=14,15,46,63,70,76,89,91,92,104,148,156,157,164,182,206,207,213,216,218,219,237,241,249,263,280,317,332,337,374,404,411,412,416,447,468,490,496,512,523
255=14,15,53,70,91,92,104,126,156,157,164,182,207,213,216,218,237,241,249,261,263,315,317,332,421,468,488,496,497,510
256=14,15,53,70,91,92,104,126,156,157,164,182,207,213,216,218,237,241,249,261,263,280,315,317,332,339,374,398,411,421,468,488,490,496,497,510,526
257=14,15,46,53,63,70,76,89,91,92,104,126,156,157,164,182,207,213,216,218,237,241,249,261,263,280,315,317,332,339,374,398,411,416,421,444,468,488,490,496,497,510,512,523,526
258=57,58,59,70,91,92,104,127,156,157,164,182,207,213,216,218,237,240,249,258,263,291,317,482,496,497,503
259=57,58,59,70,89,91,92,104,127,156,157,164,182,207,213,216,218,237,240,249,258,263,280,291,317,374,482,496,497,503,523
260=46,57,58,59,63,70,89,91,92,104,127,156,157,164,182,207,213,216,218,237,240,249,258,263,280,291,317,374,411,416,444,482,496,497,503,523
261=46,91,92,104,156,164,168,182,207,213,216,218,237,240,241,247,249,259,263,269,371,373,496,510,514,555
262=46,63,70,91,92,104,156,164,168,182,207,213,216,218,237,240,241,247,249,259,263,269,371,373,416,496,510,514,555
263=15,57,58,59,85,86,87,91,92,104,156,164,168,182,207,213,216,218,237,240,241,247,249,263,374,447,451,468,496,497,514,526
264=15,46,57,58,59,63,70,85,86,87,91,92,104,156,164,168,182,207,213,216,218,237,240,241,247,249,263,374,416,421,447,451,468,496,497,514,526
267=63,76,92,94,104,148,156,164,168,182,207,213,216,218,219,237,241,247,263,332,369,412,416,474,496,512,522
269=63,76,92,94,104,113,148,156,164,168,182,188,207,213,216,218,237,241,247,263,332,369,412,416,474,496,512,522
270=14,57,58,59,76,92,104,148,156,164,168,182,207,213,216,218,237,240,241,258,263,412,447,496,497,503
271=14,57,58,59,70,76,92,104,127,148,156,164,168,182,207,213,216,218,237,240,241,249,258,263,280,291,374,412,447,468,496,497,503
272=14,57,58,59,63,70,76,92,104,127,148,156,164,168,182,207,213,216,218,237,240,241,249,258,263,280,291,374,411,412,416,447,468,496,497,503
273=14,76,91,92,104,148,153,156,164,182,206,207,213,216,218,237,241,247,249,263,412,447,496,514
274=14,15,63,70,76,91,92,104,148,153,156,157,164,168,182,206,207,213,216,218,237,241,244,247,249,259,263,280,317,371,373,374,412,447,490,496,514,555
275=14,15,63,70,76,91,92,104,148,153,156,157,164,168,182,206,207,213,216,218,237,241,244,247,249,259,263,280,317,332,371,373,374,404,411,412,416,447,490,496,514,555
276=19,92,104,156,164,168,182,207,213,216,218,237,240,241,263,332,365,369,496,497,526
277=19,63,92,104,156,164,168,182,207,213,216,218,237,240,241,263,332,365,369,416,496,497,526
278=19,58,59,92,104,156,164,168,182,207,213,216,218,237,240,258,263,332,365,369,496,497,503
279=19,57,58,59,63,92,104,156,164,168,182,207,213,216,218,237,240,258,263,332,365,369,371,374,416,496,497,503,507
280=85,86,92,94,104,113,115,138,148,156,164,168,182,207,213,216,218,219,237,240,241,244,247,259,261,263,269,347,374,433,447,451,473,477,496,497,502
281=85,86,92,94,104,113,115,138,148,156,164,168,182,207,213,216,218,219,237,240,241,244,247,259,261,263,269,347,374,433,447,451,473,477,496,497,502
282=63,85,86,92,94,104,113,115,138,148,156,164,168,182,207,213,216,218,219,237,240,241,244,247,259,261,263,269,347,374,411,412,416,433,447,451,473,477,496,497,502
283=58,59,76,92,104,148,156,164,168,182,207,213,216,218,237,240,241,244,247,263,496,503,522
284=58,59,63,76,92,104,148,156,164,168,182,207,213,216,218,237,240,241,244,247,263,332,369,412,416,496,503,522
285=14,76,92,104,148,156,164,182,188,206,207,213,216,218,219,237,241,263,412,447,474,496
286=14,15,63,70,76,92,104,148,156,157,164,182,188,206,207,213,216,218,219,237,241,249,263,280,317,339,374,411,412,416,444,447,474,490,496,514,526
287=15,53,58,59,70,76,85,87,92,104,126,156,157,164,182,207,213,216,218,237,240,241,247,249,263,280,317,332,339,374,421,468,496,510,514,526
288=15,46,53,58,59,70,76,85,87,89,92,104,126,156,157,164,182,207,213,216,218,237,240,241,247,249,263,269,280,317,332,339,374,411,421,468,490,496,510,514,523,526
289=15,46,53,58,59,63,70,76,85,87,89,92,104,126,156,157,164,182,207,213,216,218,237,240,241,247,249,263,269,280,317,332,339,374,411,416,421,468,479,490,496,510,511,514,523,526
290=15,76,91,92,104,148,156,164,182,201,206,207,216,218,237,241,247,263,332,404,468,496,522
291=14,15,63,76,91,92,104,148,156,164,168,182,201,206,207,213,216,218,237,241,247,263,332,369,404,416,468,496,522
292=15,63,76,91,92,104,138,148,156,164,168,182,201,206,207,216,218,237,241,247,261,263,332,404,416,421,468,477,496,522
293=46,53,58,59,76,92,104,126,156,164,182,207,213,216,218,237,240,241,247,263,374,496,497,510,514,526
294=46,53,58,59,70,76,89,92,104,126,156,157,164,182,207,213,216,218,237,240,241,247,249,259,263,269,280,315,317,374,479,496,497,510,514,523,526
295=46,53,57,58,59,63,70,76,89,92,104,126,156,157,164,182,207,213,216,218,237,240,241,247,249,259,263,269,280,315,317,374,411,416,479,496,497,510,514,523,526
296=57,70,89,91,92,104,156,157,164,182,207,213,216,218,237,240,241,249,263,280,317,339,374,398,411,479,490,496,514,523,526
297=57,63,70,89,91,92,104,156,157,164,182,207,213,216,218,237,240,241,249,263,280,317,339,371,374,398,411,416,444,479,490,496,514,523,526
298=57,58,59,92,104,113,127,156,164,182,207,213,216,218,237,240,258,263,496,503,526
299=70,85,86,87,89,92,104,153,156,157,164,182,201,207,213,216,218,237,241,249,259,263,269,317,397,444,479,496,521,523
300=58,59,76,85,86,87,91,92,104,138,148,156,164,182,207,213,216,218,219,237,240,241,244,247,263,347,371,447,451,496,497,514,526,528
301=58,59,63,70,76,85,86,87,91,92,104,138,148,156,164,182,207,213,216,218,219,237,240,241,244,247,249,263,347,371,416,447,451,496,497,514,526,528
302=15,91,92,94,104,138,148,156,164,168,182,207,213,216,218,237,240,241,244,247,249,259,261,263,269,280,317,332,347,371,373,374,398,421,468,477,490,496,510,514,555
303=14,53,58,63,70,76,92,104,126,156,157,164,182,188,201,206,207,213,216,218,237,240,241,244,247,249,259,263,269,280,317,371,373,374,411,416,430,444,447,451,496,510
304=15,46,70,89,91,92,104,156,157,164,182,201,207,213,216,218,237,240,241,249,263,317,332,397,421,468,496,523
305=15,46,70,89,91,92,104,156,157,164,182,201,207,213,216,218,237,240,241,249,263,317,332,397,421,444,468,496,523
306=15,46,53,57,58,59,63,70,76,85,86,87,89,91,92,104,126,156,157,164,182,201,207,213,216,218,237,240,241,249,263,269,280,317,332,337,371,374,397,411,416,421,430,444,468,479,496,510,523,525
307=70,92,94,104,113,115,138,148,156,157,164,182,207,213,216,218,237,240,241,244,247,249,263,280,317,339,347,374,398,411,447,473,477,490,496,514,526
308=63,70,92,94,104,113,115,138,148,156,157,164,182,207,213,216,218,237,240,241,244,247,249,263,280,317,339,347,374,398,411,412,416,447,473,477,490,496,514,526
309=46,53,70,85,86,87,92,104,113,148,156,164,168,182,207,213,216,218,237,240,263,451,496,521,528,555
310=46,53,63,70,85,86,87,92,104,113,148,156,164,168,182,207,213,216,218,237,240,263,315,416,451,496,521,528,555
311=85,86,87,92,104,113,148,156,164,182,207,213,216,218,237,240,263,374,447,451,496,497,521,528
312=85,86,87,92,104,113,148,156,164,182,207,213,216,218,237,240,263,374,447,451,496,497,521,528
313=76,85,86,87,92,104,113,148,156,164,168,182,207,213,216,218,237,240,241,244,247,263,280,332,369,374,451,496,512,522
314=76,85,86,87,92,104,113,148,156,164,168,182,207,213,216,218,237,240,241,244,247,263,280,332,369,374,451,496,512,522
315=14,15,76,92,104,148,156,164,182,188,207,213,216,218,237,240,241,244,247,263,398,412,447,474,496
316=58,70,76,92,104,138,153,156,164,182,188,207,213,216,218,237,240,241,247,249,263,474,482,496
317=58,63,70,76,89,92,104,138,153,156,164,182,188,207,213,216,218,237,240,241,247,249,263,416,474,482,496,523
318=57,58,59,92,104,127,156,164,168,182,207,213,216,218,237,240,258,259,263,269,291,371,496,503,514,555
319=46,57,58,59,63,70,89,92,104,127,156,164,168,182,207,213,216,218,237,240,249,258,259,263,269,291,317,371,398,416,496,503,514,523,555
320=46,57,58,59,70,89,92,104,127,156,164,182,207,213,216,218,237,240,249,258,263,291,317,496,497,503,523
321=46,57,58,59,63,70,89,92,104,127,156,164,182,207,213,216,218,237,240,249,258,263,291,317,416,496,497,503,523
322=53,70,89,91,92,104,126,156,157,164,182,201,207,213,216,218,237,241,249,261,263,315,317,488,496,497,510,523
323=46,53,63,70,76,89,91,92,104,126,153,156,157,164,182,201,207,213,216,218,237,241,249,261,263,315,317,397,416,430,444,488,496,497,510,523
324=53,63,70,76,89,92,104,126,153,156,157,164,182,188,207,213,216,218,237,241,249,261,263,315,317,360,416,444,488,496,510,523
325=86,92,94,104,113,115,138,148,156,164,168,182,207,213,216,218,237,240,241,244,247,259,263,269,347,371,433,447,451,473,477,496
326=63,86,92,94,104,113,115,138,148,156,164,168,182,207,213,216,218,237,240,241,244,247,259,263,269,280,347,371,374,411,412,416,433,447,451,473,477,496,523
327=70,91,92,94,104,138,148,156,157,164,168,182,207,213,216,218,219,237,240,241,244,247,249,263,280,317,347,374,433,496,514,526,528
328=63,70,76,89,91,92,104,156,157,164,182,201,207,213,216,218,237,241,249,263,317,496,522,523
329=19,63,70,76,89,91,92,104,156,157,164,182,201,207,213,216,218,237,241,249,263,317,369,496,522,523
330=19,53,63,70,76,89,91,92,104,126,156,157,164,182,201,207,213,216,218,237,241,249,263,317,332,337,369,416,444,468,496,510,522,523,525
331=14,15,76,92,104,148,156,164,182,201,207,213,216,218,237,241,263,280,371,374,398,412,447,474,496
332=14,15,63,70,76,92,104,148,156,164,182,201,207,213,216,218,237,241,263,280,371,373,374,398,411,412,416,447,474,496,514
333=19,58,76,92,104,138,156,164,168,182,207,213,216,218,219,237,240,241,244,263,332,365,496,497
334=19,46,53,58,63,76,89,92,104,126,138,156,164,168,182,207,213,216,218,219,237,240,241,244,249,263,332,337,365,416,468,496,497,510,523
335=14,46,53,58,59,70,76,85,87,91,92,104,126,156,157,164,168,182,206,207,213,216,218,237,240,241,247,249,263,269,280,317,332,371,373,374,398,404,411,421,468,496,510,514,526
336=53,70,89,91,92,104,156,164,168,182,188,207,213,216,218,237,240,241,249,263,269,371,398,404,474,482,496,514,523,525
337=58,59,63,89,92,94,104,113,115,138,148,153,156,157,164,182,201,207,216,218,219,237,240,244,247,263,317,347,360,373,397,416,433,444,447,451,473,477,479,496,512,523
338=53,63,76,89,92,94,104,113,115,126,138,148,153,156,157,164,182,201,207,216,218,219,237,241,244,247,261,263,315,317,347,360,373,397,416,433,444,447,451,473,477,479,496,510,512,523
339=57,58,59,89,92,104,127,156,164,182,201,207,213,216,218,237,240,258,263,291,317,496,503,523
340=57,58,59,63,70,89,92,104,127,156,157,164,182,201,207,213,216,218,237,240,249,258,263,291,317,416,444,496,503,523
341=14,15,57,58,59,70,91,92,104,127,156,157,164,182,188,206,207,213,216,218,237,240,249,258,263,269,280,317,332,371,374,404,468,496,503
342=14,15,57,58,59,63,70,91,92,104,127,156,157,164,182,188,206,207,213,216,218,237,240,249,258,263,269,280,291,317,332,371,374,404,416,468,482,496,503,514,555
343=58,76,89,91,92,94,104,113,115,138,148,153,156,157,164,182,201,207,216,218,219,237,240,241,244,247,263,317,347,360,397,433,447,451,473,477,479,496,502,523
344=58,63,70,76,89,91,92,94,104,113,115,138,148,153,156,157,164,182,201,207,216,218,219,237,240,241,244,247,249,263,317,347,360,397,416,433,444,447,451,473,477,479,496,502,523
345=14,76,92,104,148,156,157,164,182,188,201,207,213,216,218,237,241,263,317,397,412,447,479,496
346=14,63,70,76,89,92,104,148,156,157,164,182,188,201,207,213,216,218,237,241,249,263,317,397,412,416,444,447,479,482,496,523
347=14,15,91,92,104,156,157,164,182,201,206,207,213,216,218,237,241,249,263,280,317,332,397,404,468,479,496,522
348=14,15,63,70,89,91,92,104,156,157,164,182,201,206,207,213,216,218,237,241,249,263,280,317,332,397,404,416,430,444,468,479,496,522,523
349=57,58,59,92,104,113,127,156,164,182,207,213,216,218,237,240,258,263,291,496,503
350=57,58,59,63,92,104,113,127,156,164,182,207,213,216,218,219,237,240,244,258,263,291,416,496,503,523,525
351=53,58,59,76,85,86,87,92,104,126,148,156,164,168,182,201,207,213,216,218,237,240,241,244,247,258,263,412,496,503,510,514,526
352=15,53,58,59,70,76,85,86,87,91,92,104,126,148,156,157,164,168,182,207,213,216,218,237,240,241,244,247,249,263,280,317,332,374,421,433,447,451,468,496,510,514,526
353=85,86,87,92,94,104,138,148,156,164,168,182,207,213,216,218,237,240,241,244,247,259,261,263,269,347,371,373,433,451,477,496
354=63,85,86,87,92,94,104,138,148,156,164,168,182,207,213,216,218,237,240,241,244,247,259,261,263,269,347,371,373,374,416,421,433,451,477,496
355=58,59,92,94,104,138,148,156,164,168,182,207,213,216,218,237,240,241,244,247,259,261,263,269,347,371,373,374,433,451,477,496
356=58,59,63,70,89,92,94,104,138,148,156,157,164,168,182,207,213,216,218,237,240,241,244,247,249,259,261,263,269,280,317,347,371,373,374,416,433,451,477,496,523
357=14,15,19,46,63,70,76,89,92,104,148,156,164,182,207,213,216,218,219,237,241,249,263,332,412,416,447,496,523
358=86,92,94,104,113,115,138,148,156,164,182,207,213,216,218,219,237,240,241,244,247,259,263,269,347,412,433,447,451,473,477,496,497
359=14,15,53,58,59,63,70,85,86,87,92,104,126,138,148,156,157,164,168,182,201,206,207,213,216,218,237,240,241,244,247,249,258,259,261,263,269,317,332,347,371,404,416,421,444,451,468,496,497,510,514,555
361=58,59,92,104,113,148,156,164,182,207,213,216,218,219,237,240,247,258,263,496,524
362=58,59,63,89,92,104,113,148,153,156,164,182,207,213,216,218,219,237,240,247,258,259,263,269,360,371,416,496,523,524
363=57,58,59,70,89,92,104,127,156,157,164,182,207,213,216,218,237,240,249,258,263,291,317,496,497,523,524
364=46,57,58,59,70,89,92,104,127,156,157,164,182,207,213,216,218,237,240,249,258,263,291,317,496,497,523,524
365=46,57,58,59,63,70,89,92,104,127,156,157,164,182,207,213,216,218,237,240,249,258,263,291,317,416,496,497,523,524
366=57,58,59,92,104,127,156,164,182,207,213,216,218,237,240,258,263,291,496,503
367=57,58,59,63,92,104,127,156,164,182,207,213,216,218,237,240,258,263,291,317,416,496,503
368=57,58,59,63,92,94,104,127,156,164,182,207,213,216,218,219,237,240,244,247,258,263,291,416,496,503
369=57,58,59,63,89,92,104,127,156,157,164,182,201,207,213,216,218,219,237,240,244,249,258,263,291,317,347,397,416,444,479,496,503,523
370=57,58,59,92,104,127,156,164,182,207,213,216,218,219,237,240,244,258,263,291,496,503
371=15,46,53,70,92,104,126,156,157,164,182,207,213,216,218,237,240,241,249,263,280,317,332,337,421,468,496,510
372=15,46,53,70,92,104,126,156,157,164,182,207,213,216,218,237,240,241,249,263,280,317,332,337,421,468,496,510
373=15,19,46,53,63,70,89,92,104,126,156,157,164,182,207,213,216,218,237,240,241,249,263,280,317,332,337,416,421,444,468,496,510,523,525
375=15,63,70,89,92,94,104,113,115,148,153,156,157,164,182,188,201,207,216,218,237,240,241,244,247,249,263,280,317,332,360,397,430,447,468,473,477,496,523
376=15,63,70,89,92,94,104,113,115,148,153,156,157,164,182,188,201,207,216,218,237,240,241,244,247,249,263,280,317,332,360,397,416,430,447,468,473,477,496,523
377=63,70,85,86,87,89,91,92,104,153,156,157,164,182,201,207,216,218,219,237,241,244,249,263,280,317,374,397,411,416,444,451,479,496,523
378=58,59,63,70,85,86,87,89,92,104,153,156,157,164,182,207,216,218,219,237,240,244,249,258,263,280,317,374,397,411,416,430,451,496,523,524
379=63,70,85,86,87,89,92,104,153,156,157,164,182,201,207,216,218,219,237,240,241,244,249,263,280,317,332,374,397,411,416,421,430,451,468,496,523
380=15,19,46,57,58,63,76,85,86,87,89,92,94,104,113,115,127,138,148,156,164,182,201,207,213,216,218,219,237,240,241,244,247,263,291,332,337,347,412,416,421,447,451,468,473,477,496,514,523
381=15,19,46,57,58,63,76,85,86,87,89,92,94,104,113,115,127,138,148,156,164,182,201,207,213,216,218,219,237,240,241,244,247,263,291,332,337,347,412,416,421,447,451,468,473,477,496,514,523
382=46,57,58,59,63,70,85,86,87,89,92,104,127,156,157,164,182,207,216,218,219,237,240,244,249,258,263,280,291,317,347,416,496,503,523
383=14,15,46,53,63,70,76,85,86,87,89,91,92,104,126,156,157,164,182,201,207,216,218,219,237,241,244,249,263,280,315,317,332,337,339,374,397,411,416,421,444,468,479,496,510,523,525
384=14,19,46,53,57,58,59,63,70,76,85,86,87,89,92,104,126,127,156,157,164,182,201,207,216,218,237,240,241,244,249,263,280,291,315,317,332,337,339,360,374,411,412,416,421,444,468,496,497,507,510,523,525
385=63,85,86,87,92,94,104,113,115,138,148,156,164,182,201,207,216,218,219,237,240,241,244,247,263,332,347,369,374,412,416,430,433,447,451,473,477,496
386=15,58,63,70,76,85,86,87,92,94,104,113,115,138,148,156,157,164,182,207,216,218,219,237,240,241,244,247,249,259,263,269,280,317,332,347,374,398,411,412,416,430,433,447,451,473,477,490,496,502
387=14,15,70,76,92,104,113,115,148,156,164,182,207,213,216,218,219,237,241,249,263,412,447,496
388=14,15,70,76,92,104,113,115,148,156,164,182,207,213,216,218,219,237,241,249,263,412,447,496
389=14,15,46,63,70,76,89,92,104,113,115,148,156,157,164,182,201,207,213,216,218,219,237,241,249,263,317,397,412,416,444,447,496,523
390=14,15,53,70,91,92,104,126,156,164,182,207,213,216,218,237,241,249,259,261,263,269,280,315,332,339,369,374,421,447,468,488,490,496,510,512
391=14,15,53,70,91,92,104,126,156,157,164,182,207,213,216,218,237,241,249,259,261,263,269,280,315,317,332,339,369,374,398,411,421,447,468,488,490,496,510,512,514,526
392=14,15,46,53,63,70,76,89,91,92,104,126,156,157,164,182,207,213,216,218,237,241,249,259,261,263,269,280,315,317,332,339,347,369,374,398,411,416,421,444,447,468,488,490,496,510,512,514,523,526
393=15,57,58,59,91,92,104,127,156,164,182,207,213,216,218,237,240,258,263,280,291,317,332,365,374,447,496,497,503,511
394=15,57,58,59,70,91,92,104,127,156,164,182,207,213,216,218,237,240,249,258,263,280,291,317,332,365,374,421,447,468,496,497,503,511
395=14,15,46,57,58,59,63,70,89,91,92,104,127,156,157,164,182,207,213,216,218,237,240,249,258,263,280,291,317,332,365,374,416,421,430,447,468,496,497,503,511,523
396=19,92,104,156,164,168,182,207,213,216,218,237,240,241,263,332,365,369,496,497,526
397=19,92,104,156,164,168,182,207,213,216,218,237,240,241,263,332,365,369,496,497,514,526
398=19,63,92,104,156,164,168,182,207,213,216,218,237,240,241,263,332,365,369,416,496,497,514,526
399=15,58,59,85,86,87,91,92,104,156,164,168,182,207,213,216,218,237,240,241,247,249,263,269,365,447,451,496,497,514,526
400=15,57,58,59,63,70,85,86,87,91,92,104,127,156,164,168,182,207,213,216,218,237,240,241,247,249,263,269,291,365,374,416,447,451,496,497,503,514,523,526
402=14,15,63,70,92,104,148,156,164,182,206,207,213,216,218,237,240,241,249,263,269,280,332,404,416,468,496,497,522
403=46,70,85,86,87,92,104,113,148,156,164,168,182,207,213,216,218,237,240,263,451,496,521,528,555
404=46,70,85,86,87,92,104,113,148,156,164,168,182,207,213,216,218,237,240,263,451,496,521,528,555
405=46,63,70,85,86,87,92,104,113,148,156,164,168,182,207,213,216,218,237,240,263,416,451,496,521,528,555
406=14,15,76,92,104,148,156,164,182,188,207,213,216,218,237,240,241,244,247,263,412,447,474,496
407=14,15,63,76,92,104,148,156,164,182,188,207,213,216,218,237,240,241,244,247,263,398,412,416,447,474,496
408=14,46,53,58,59,70,85,87,89,91,92,104,126,156,157,164,168,182,201,207,213,216,218,237,240,241,249,263,317,371,374,397,444,479,496,510,523
409=14,15,46,53,57,58,59,63,70,85,87,89,91,92,104,126,156,157,164,168,182,201,207,213,216,218,237,240,241,249,263,280,317,371,374,397,411,416,444,479,496,510,523,525
410=46,53,58,59,70,85,87,89,91,92,104,126,156,157,164,182,201,207,213,216,218,237,240,241,249,259,263,269,317,397,430,444,479,496,510,523
411=46,53,58,59,63,70,85,87,89,91,92,104,126,156,157,164,182,201,207,213,216,218,237,240,241,249,259,263,269,317,397,416,430,444,479,496,510,523
413=63,76,92,94,104,138,148,156,164,168,182,207,213,216,218,219,237,240,241,244,247,263,412,416,447,474,496,522
413=63,89,91,92,94,104,138,148,156,164,168,182,201,207,213,216,218,219,237,240,241,244,247,263,317,416,474,496,522,523
413=63,92,94,104,138,148,156,164,168,182,207,213,216,218,219,237,240,241,244,247,263,360,416,430,474,496,522
414=63,76,92,94,104,138,148,156,164,168,182,207,213,216,218,219,237,240,241,244,247,263,332,369,412,416,474,496,512,522
416=15,63,92,104,148,156,164,168,182,188,207,213,216,218,237,240,241,263,332,369,374,404,416,468,474,496,511,512,522
417=15,85,86,87,91,92,104,113,148,156,164,182,207,213,216,218,237,240,263,369,374,447,451,496,497,521
418=57,58,59,70,91,92,104,127,156,164,182,207,213,216,218,237,240,249,258,263,280,291,317,339,496,497,503
419=46,57,58,59,63,70,91,92,104,127,156,164,182,207,213,216,218,237,240,249,258,259,263,269,280,291,317,339,371,411,416,496,497,503
420=14,76,92,104,148,156,164,182,207,213,216,218,219,237,241,263,412,447,496
421=14,63,76,92,104,148,156,164,182,207,213,216,218,219,237,241,263,412,416,447,496
422=57,58,59,92,104,156,164,182,207,213,216,218,237,240,258,263,291,496,503
423=57,58,59,63,70,89,91,92,104,127,148,156,157,164,182,188,201,207,213,216,218,237,240,249,258,263,291,317,416,444,482,496,503,523
424=15,63,70,76,85,86,87,91,92,104,138,156,164,168,182,207,213,216,218,237,240,241,247,249,263,269,280,332,369,371,374,416,421,447,468,490,496,512,514,526
425=15,85,86,87,92,94,104,138,148,153,156,164,168,182,207,213,216,218,237,240,241,244,247,261,263,347,360,371,373,451,477,496,512
426=15,19,63,85,86,87,92,94,104,138,148,153,156,164,168,182,207,213,216,218,237,240,241,244,247,261,263,347,360,371,373,416,451,477,496,512
427=15,58,76,85,86,91,92,104,156,164,182,207,213,216,218,237,240,241,247,249,263,374,447,451,496,514,526
428=15,58,59,63,70,76,85,86,87,91,92,104,156,164,182,207,213,216,218,237,240,241,247,249,263,374,411,416,447,451,490,496,514,526
429=63,85,86,87,92,94,104,138,148,156,164,168,182,207,213,216,218,237,240,241,244,247,259,261,263,269,332,347,371,373,412,416,433,451,477,496,497
430=19,63,86,92,94,104,138,156,164,168,182,207,213,216,218,237,240,241,244,247,259,263,269,332,347,365,371,373,416,496,510,511,514,555
431=15,85,87,91,92,104,138,148,156,164,168,182,207,213,216,218,237,240,241,244,247,259,263,269,332,369,371,421,468,496,497,514,526
432=15,46,63,85,87,91,92,104,138,148,156,164,168,182,207,213,216,218,237,240,241,244,247,259,263,269,332,369,371,416,421,468,496,497,514,523,526
433=86,92,94,104,113,115,138,148,156,164,182,207,213,216,218,219,237,240,241,244,247,259,263,269,347,433,447,451,473,477,496,497
434=15,46,53,91,92,104,126,153,156,164,168,182,188,207,213,216,218,237,240,241,247,249,259,263,269,371,421,468,474,496,510,555
435=15,46,53,63,70,91,92,104,126,153,156,164,168,182,188,207,213,216,218,237,240,241,247,249,259,263,269,371,398,416,421,468,474,496,510,555
436=76,89,92,94,104,113,115,138,148,156,157,164,182,201,207,216,218,219,237,240,241,244,247,263,317,347,360,371,397,430,433,447,451,473,477,496,523
437=63,70,76,89,92,94,104,113,115,138,148,153,156,157,164,182,201,207,216,218,219,237,240,241,244,247,249,263,317,347,360,371,397,416,430,433,447,451,473,477,496,523
438=91,92,104,153,156,157,164,168,182,201,207,213,216,218,237,241,244,263,280,317,347,397,479,496
439=76,85,86,87,92,94,104,113,115,138,148,156,164,168,182,207,213,216,218,219,237,240,241,244,247,259,263,269,280,347,374,433,447,451,473,477,496
440=53,76,86,92,94,104,113,126,138,148,156,164,182,207,213,216,218,219,237,240,241,244,247,258,263,374,447,496,497,510,526
441=19,92,104,156,164,168,182,207,213,216,218,237,240,241,259,263,269,332,365,369,496,497,526
442=63,92,94,104,138,148,156,164,168,182,207,213,216,218,237,240,241,244,247,259,261,263,269,317,347,373,416,477,496,511,514,555
443=15,46,53,70,89,91,92,104,126,156,157,164,182,201,207,213,216,218,237,240,241,249,263,317,332,337,421,444,468,496,510,523
444=15,46,53,70,89,91,92,104,126,156,157,164,182,201,207,213,216,218,237,240,241,249,263,317,332,337,421,444,468,496,510,523
445=14,15,46,53,57,63,70,89,91,92,104,126,156,157,164,182,201,206,207,213,216,218,237,240,241,249,263,280,317,332,337,374,398,416,421,444,468,496,510,523,525
446=53,57,58,59,70,76,85,87,89,92,94,104,126,156,157,164,182,201,207,213,216,218,237,240,241,247,249,263,280,317,374,496,510,514,523,526
447=14,46,70,89,91,92,104,156,157,164,182,207,213,216,218,237,240,241,249,263,280,317,339,371,374,398,411,421,490,496,514,523,526
448=14,46,63,70,89,91,92,94,104,156,157,164,182,207,213,216,218,237,240,241,247,249,263,280,317,339,347,371,374,398,411,416,421,430,444,468,490,496,514,523,526
449=46,70,89,91,92,104,156,157,164,182,201,207,213,216,218,237,241,249,263,317,496,523
450=46,63,70,89,91,92,104,156,157,164,182,201,207,213,216,218,237,241,249,263,317,416,444,496,523
451=14,15,70,91,92,104,148,156,164,168,182,188,206,207,213,216,218,237,240,241,247,249,259,263,269,280,317,332,371,374,398,404,468,474,496,522
452=14,15,46,63,70,89,91,92,104,148,156,157,164,168,182,188,206,207,213,216,218,237,240,241,247,249,259,263,269,280,317,332,371,374,398,404,416,468,474,496,514,522,523,555
453=70,89,91,92,104,156,157,164,168,182,188,207,213,216,218,237,240,241,247,249,259,263,269,280,317,339,371,373,374,398,404,411,474,482,490,496,514,523,526
454=14,15,63,70,89,91,92,104,156,157,164,168,182,188,207,213,216,218,237,240,241,247,249,259,263,269,280,317,339,371,373,374,398,404,411,416,444,474,482,490,496,514,523,526
455=14,15,63,76,92,104,148,156,164,168,182,188,207,213,216,218,237,241,263,371,374,412,416,447,496
456=57,58,59,92,104,127,148,156,164,182,207,213,216,218,219,237,240,244,258,263,291,369,371,496,503
457=57,58,59,63,92,104,127,148,156,164,182,207,213,216,218,219,237,240,244,258,263,291,369,371,416,496,503
458=57,58,59,89,92,104,127,156,157,164,182,207,213,216,218,237,240,258,263,291,332,496,503,512,523
459=14,58,59,76,92,104,113,148,156,164,182,207,213,216,218,219,237,240,247,258,263,412,447,496,524
460=14,58,59,63,70,76,89,92,104,113,148,156,157,164,182,207,213,216,218,219,237,240,247,249,258,263,280,317,374,411,412,416,447,496,523,524
461=14,15,57,58,59,63,70,91,92,104,115,138,156,164,168,182,206,207,213,216,218,237,240,241,244,247,249,258,259,263,269,280,332,347,371,373,374,398,404,411,416,421,468,490,496,514,555
462=63,85,86,87,92,104,113,115,148,153,156,164,182,207,216,218,237,240,241,244,263,360,416,430,451,496,521,528
463=14,15,53,57,58,59,63,70,76,85,87,89,91,92,104,126,138,153,156,157,164,168,182,201,207,213,216,218,237,240,241,244,247,249,263,280,317,360,374,411,416,496,510,514,523,525,526
464=14,15,46,53,57,58,59,63,70,85,87,89,91,92,104,126,156,157,164,168,182,201,207,213,216,218,237,240,241,249,263,280,317,371,374,397,398,411,416,421,430,444,479,496,510,523,525
465=14,15,63,70,76,89,92,104,115,148,156,157,164,168,182,188,207,213,216,218,237,241,244,249,263,280,317,332,371,374,398,411,412,416,447,496,523
466=53,63,70,85,86,87,89,91,92,94,104,113,148,156,157,164,168,182,207,213,216,218,237,240,249,259,263,269,280,317,374,411,416,451,490,496,521,523,528
467=53,63,70,76,85,89,92,94,104,126,156,157,164,168,182,207,213,216,218,237,241,249,259,261,263,269,280,315,317,374,411,416,488,490,496,510,523
468=19,53,63,76,86,92,94,104,113,115,126,138,148,156,164,182,207,213,216,218,219,237,240,241,244,247,249,263,280,332,365,374,416,447,473,477,496,497,510,514,526
469=63,76,92,94,104,138,148,156,164,168,182,207,213,216,218,237,241,244,247,263,332,369,416,496,522
470=14,46,63,70,76,91,92,104,148,156,164,182,207,213,216,218,237,240,241,247,249,263,332,404,412,416,447,496,497,514,526
471=46,58,59,63,70,91,92,104,156,164,182,207,213,216,218,237,240,241,247,249,258,263,416,496,497,514,524,526
472=14,15,63,70,89,91,92,104,156,157,164,168,182,188,201,206,207,213,216,218,237,240,241,249,259,263,269,280,317,332,369,371,374,397,398,404,416,444,468,474,496,512,522,523
473=46,58,59,63,70,89,91,92,104,113,115,156,157,164,182,201,207,213,216,218,237,240,249,258,263,317,416,444,496,523
474=58,59,63,76,85,86,87,92,94,104,138,148,156,164,168,182,207,216,218,237,240,241,244,247,263,332,373,416,433,451,473,496
475=14,15,63,70,85,86,89,92,94,104,113,115,138,148,156,157,164,168,182,206,207,213,216,218,219,237,240,241,244,247,249,259,261,263,269,280,317,332,339,347,374,398,404,411,416,433,444,447,451,473,477,490,496,497,502,514,523,526
476=63,70,85,86,87,89,92,104,153,156,157,164,182,201,207,213,216,218,237,241,249,259,263,269,317,397,416,430,444,479,496,521,523
477=58,59,63,70,89,92,94,104,138,148,156,157,164,168,182,207,213,216,218,237,240,241,244,247,249,259,261,263,269,280,317,347,371,373,374,411,416,433,451,477,496,523
478=58,59,63,85,86,87,92,94,104,113,138,148,156,164,182,207,213,216,218,219,237,240,244,247,258,259,263,269,371,373,374,416,477,496,524
479=85,86,87,92,104,113,115,138,148,156,164,168,182,207,216,218,237,240,241,244,247,261,263,451,477,496,521
479=85,86,87,92,104,113,115,138,148,156,164,168,182,207,216,218,237,240,241,244,247,261,263,451,477,496,521
479=85,86,87,92,104,113,115,138,148,156,164,168,182,207,216,218,237,240,241,244,247,261,263,451,477,496,521
479=85,86,87,92,104,113,115,138,148,156,164,168,182,207,216,218,237,240,241,244,247,261,263,451,477,496,521
479=85,86,87,92,104,113,115,138,148,156,164,168,182,207,216,218,237,240,241,244,247,261,263,451,477,496,521
479=85,86,87,92,104,113,115,138,148,156,164,168,182,207,216,218,237,240,241,244,247,261,263,451,477,496,521
480=63,76,85,86,87,92,94,104,113,115,138,148,156,164,182,201,207,216,218,219,237,240,241,244,247,263,347,369,374,412,416,433,447,451,473,477,496,512
481=58,59,63,85,86,87,92,94,104,113,115,138,148,156,164,182,201,207,216,218,219,237,240,241,244,247,263,347,369,374,412,416,433,447,451,473,477,496,512
482=53,63,85,86,87,92,94,104,113,115,126,138,148,153,156,164,182,201,207,216,218,219,237,240,241,244,247,259,263,269,347,369,371,374,412,416,433,447,451,473,477,496,510,512
483=15,46,53,58,59,63,70,85,86,87,89,92,104,126,148,156,157,164,182,201,207,216,218,219,237,240,241,244,249,263,280,315,317,332,337,339,416,421,430,433,444,468,496,497,510,523,525
484=15,46,53,57,58,59,63,70,85,86,87,89,92,104,126,156,157,164,182,201,207,216,218,219,237,240,241,244,249,258,263,280,291,317,332,337,339,374,411,416,421,433,444,468,496,497,510,523,525
485=46,53,63,70,76,89,91,92,104,126,153,156,157,164,182,207,213,216,218,237,241,249,259,261,263,269,315,317,371,416,430,444,488,496,510,523
486=63,70,85,86,87,89,92,104,157,164,207,216,218,219,237,240,241,244,249,263,280,317,332,371,374,397,411,416,444,479,496,514,523
487=15,19,46,63,70,85,86,87,89,92,94,104,138,156,164,182,207,216,218,219,237,240,241,244,247,249,261,263,332,337,347,371,412,416,421,444,451,468,477,496,497,523,525
488=58,63,76,86,92,94,104,113,115,138,148,156,164,182,207,213,216,218,219,237,240,241,244,247,263,347,412,416,433,447,451,473,477,496
489=57,58,59,92,104,127,156,164,182,207,216,218,219,237,240,244,258,263,291,369,374,447,496,503
490=57,58,59,63,92,94,104,113,115,127,148,156,164,182,207,216,218,219,237,240,244,247,258,263,291,347,369,374,412,416,447,496,503
491=14,15,58,59,63,70,85,86,87,92,94,104,138,148,156,157,164,168,182,188,207,216,218,237,240,241,244,247,249,259,261,263,269,280,317,332,347,371,373,374,398,404,411,416,421,451,496,510,514,555
492=14,63,76,92,94,104,148,156,164,182,207,216,218,219,237,241,244,263,412,416,447,496
493=14,15,19,46,53,57,58,59,63,70,76,85,86,87,89,92,94,104,113,115,126,127,138,148,156,157,164,182,188,201,207,216,218,219,237,240,241,244,247,249,258,261,263,280,315,317,332,337,347,371,398,404,411,412,416,421,430,433,444,447,451,468,473,477,496,497,510,511,514,523,526,555
494=53,63,76,85,86,87,92,94,104,113,126,148,156,164,182,207,216,218,219,237,241,244,247,249,261,263,269,280,315,369,373,374,411,412,416,433,447,451,473,477,488,496,510,526,528
495=14,15,76,92,104,113,115,148,156,164,182,207,213,216,218,219,237,241,259,263,269,332,347,412,447,496
496=14,15,76,92,104,113,115,148,156,164,182,207,213,216,218,219,237,241,259,263,269,332,347,412,447,496
497=14,15,63,70,76,92,104,113,115,148,156,164,182,207,213,216,218,219,237,241,249,259,263,269,332,347,412,416,447,496,525
498=46,53,70,76,92,104,126,156,164,182,207,213,216,218,237,241,249,261,263,269,315,317,360,447,488,496,497,510,528
499=46,53,70,76,92,104,126,156,157,164,182,207,213,216,218,237,241,249,261,263,269,280,315,317,360,374,398,411,444,447,488,490,496,497,510,523,526,528
500=46,53,63,70,76,89,92,104,126,156,157,164,182,207,213,216,218,237,241,249,261,263,269,280,315,317,339,360,374,398,411,416,444,447,479,488,490,496,497,503,510,523,526,528
501=14,15,57,58,59,91,92,104,127,156,164,182,206,207,213,216,218,237,240,249,258,263,269,291,332,374,404,447,496,503,514
502=14,15,57,58,59,91,92,104,127,156,164,182,206,207,213,216,218,237,240,249,258,263,269,291,332,374,404,447,496,503,514
503=14,15,57,58,59,63,70,91,92,104,127,156,164,182,206,207,213,216,218,237,240,249,258,263,269,291,332,374,404,416,447,496,503,514,525
504=14,15,85,91,92,104,156,164,182,207,213,216,218,237,240,241,247,263,374,447,496,514,526
505=14,15,53,63,70,85,86,87,91,92,104,113,138,148,156,164,182,207,213,216,218,237,240,241,244,247,249,263,374,411,416,447,496,514,526
506=46,85,86,91,92,104,156,164,182,207,213,216,218,237,240,241,247,249,263,317,332,416,496,514,526,528,555
507=46,57,70,85,86,91,92,104,156,164,182,207,213,216,218,237,240,241,247,249,263,317,332,371,416,496,514,526,528,555
508=46,57,63,70,85,86,87,91,92,104,156,164,182,207,213,216,218,237,240,241,247,249,263,317,332,371,416,496,514,526,528,555
509=15,86,92,104,138,156,164,168,182,207,213,216,218,237,240,241,244,247,259,263,269,332,369,371,373,421,447,468,496,497,555
510=15,63,86,92,104,138,156,164,168,182,207,213,216,218,237,240,241,244,247,249,259,263,269,332,369,371,373,416,421,447,468,496,497,555
511=15,76,91,92,104,148,156,164,168,182,207,213,216,218,237,241,249,259,263,269,317,371,374,412,421,447,468,490,496,512,526
512=15,63,76,91,92,104,148,156,157,164,168,182,207,213,216,218,237,241,249,259,263,269,280,317,371,374,411,412,416,421,447,468,490,496,512,526
513=15,53,76,91,92,104,126,156,164,168,182,207,213,216,218,237,241,249,259,261,263,269,315,317,371,374,421,447,468,488,490,496,510,512,526
514=15,53,63,76,91,92,104,126,156,157,164,168,182,207,213,216,218,237,241,249,259,261,263,269,280,315,317,371,374,411,416,421,447,468,488,490,496,510,512,526
515=15,57,58,59,91,92,104,127,156,164,168,182,207,213,216,218,237,240,249,258,259,263,269,291,317,371,374,421,447,468,490,496,503,512,526
516=15,57,58,59,63,91,92,104,127,156,157,164,168,182,207,213,216,218,237,240,249,258,259,263,269,280,291,317,371,374,411,416,421,447,468,490,496,503,512,526
517=86,92,94,104,113,115,138,148,156,157,164,182,207,213,216,218,219,237,240,244,247,259,263,317,347,360,412,433,451,473,477,496
518=63,86,92,94,104,113,115,138,148,156,157,164,182,207,213,216,218,219,237,240,244,247,259,263,317,347,360,412,416,433,451,473,477,496
519=19,92,104,156,164,182,207,213,216,218,237,240,241,263,269,332,365,369,496,497,526
520=19,92,104,156,164,182,207,213,216,218,237,240,241,263,269,332,365,369,496,497,526
521=19,63,92,104,156,164,182,207,213,216,218,237,240,241,244,263,269,332,365,369,416,496,497,526
522=85,86,87,92,104,113,148,156,164,182,207,213,216,218,237,240,263,451,488,496,521,528
523=63,85,86,87,92,104,113,148,156,164,182,207,213,216,218,237,240,249,263,315,416,451,488,496,521,528
524=70,89,92,104,153,156,157,164,182,201,207,213,216,218,237,249,263,317,397,430,444,479,496,523
525=70,89,92,104,153,156,157,164,182,201,207,213,216,218,237,249,263,317,397,430,444,479,496,523
526=63,70,76,89,92,104,153,156,157,164,182,201,207,213,216,218,237,249,263,317,397,416,430,444,479,496,523
527=19,86,92,94,104,113,115,138,148,156,164,168,182,207,213,216,218,219,237,240,244,247,259,263,269,332,347,360,365,369,373,412,433,451,473,477,496,512
528=19,63,86,92,94,104,113,115,138,148,156,164,168,182,207,213,216,218,219,237,240,244,247,259,263,269,332,347,360,365,369,373,412,416,433,451,473,477,496,512
529=14,15,70,89,91,92,104,156,157,164,182,188,201,207,213,216,218,237,249,263,280,317,332,374,398,404,421,468,496,523
530=14,15,63,70,89,91,92,104,156,157,164,182,188,201,207,213,216,218,237,249,263,280,317,332,374,398,404,411,416,421,468,496,523
531=53,57,58,59,63,76,85,86,87,91,92,94,104,113,115,126,138,148,156,164,182,207,213,216,218,219,237,240,241,244,247,263,347,374,433,447,451,473,477,496,497,510,514,526,528
532=70,91,92,104,156,157,164,182,207,213,216,218,237,240,241,249,263,269,280,317,339,371,374,398,411,444,447,479,490,496,514,526
533=70,91,92,104,156,157,164,182,207,213,216,218,237,240,241,249,263,269,280,317,339,371,374,398,411,444,447,479,490,496,514,526
534=63,70,89,91,92,104,156,157,164,182,207,213,216,218,237,240,241,249,263,269,280,317,339,371,374,398,411,416,444,447,479,490,496,514,523,526
535=57,92,104,156,164,182,188,207,213,216,218,237,240,258,263,482,496,497,503
536=57,92,104,156,164,182,188,207,213,216,218,237,240,249,258,263,482,496,497,503,523
537=57,63,70,89,91,92,104,156,157,164,182,188,207,213,216,218,237,240,249,258,263,280,317,371,374,398,411,416,447,474,482,496,497,503,523
538=70,89,91,92,104,156,157,164,182,207,213,216,218,237,240,241,249,263,269,280,317,339,371,374,398,411,416,444,447,490,496,514,523,526
539=70,89,91,92,104,156,157,164,182,207,213,216,218,237,240,241,249,263,269,280,317,339,371,374,398,411,416,444,447,490,496,514,523,526
540=15,76,92,104,113,138,148,156,164,182,207,213,216,218,219,237,241,263,347,371,412,447,496,522
541=15,76,92,104,113,138,148,156,164,182,207,213,216,218,219,237,241,263,347,371,412,447,496,522
542=14,15,63,76,92,104,113,115,138,148,156,164,182,206,207,213,216,218,219,237,241,263,332,347,371,398,404,412,416,421,447,468,496,514,522
543=76,92,104,156,164,182,188,207,213,216,218,237,241,249,263,360,371,398,474,496,522
544=76,92,104,156,164,182,188,207,213,216,218,237,241,249,263,360,371,398,474,496,522
545=14,15,63,70,76,89,91,92,104,156,157,164,182,188,207,213,216,218,237,241,249,263,317,360,371,398,404,416,474,496,522,523
546=76,92,104,138,148,156,164,182,207,213,216,218,219,237,241,263,269,412,447,496
547=63,76,92,94,104,113,138,148,156,164,168,182,207,213,216,218,219,237,241,247,263,269,369,374,412,416,433,447,496
548=15,76,92,104,138,148,156,164,182,207,213,216,218,219,237,241,263,412,447,496
549=14,15,63,76,92,104,113,138,148,156,164,182,207,213,216,218,219,237,241,263,412,416,447,496
550=15,57,58,92,104,127,156,164,182,207,213,216,218,237,240,258,263,269,291,496,503
551=15,46,89,91,92,104,156,157,164,168,182,188,201,207,213,216,218,237,259,263,269,317,371,373,444,468,496,510,514,523,555
552=15,46,70,89,91,92,104,156,157,164,168,182,188,201,207,213,216,218,237,249,259,263,269,280,317,371,373,374,421,444,447,468,490,496,510,514,523,555
553=15,46,63,70,89,91,92,104,156,157,164,168,182,188,201,207,213,216,218,237,249,259,263,269,280,317,332,337,339,371,373,374,411,416,421,444,447,468,479,490,496,510,514,523,525,555
554=46,53,70,76,91,92,104,126,156,157,164,168,182,207,213,216,218,237,241,249,261,263,269,280,315,317,360,369,374,447,488,496,510,526
555=46,53,63,70,76,89,91,92,94,104,126,156,157,164,168,182,207,213,216,218,237,241,249,259,261,263,269,280,315,317,339,360,369,371,374,411,416,444,447,479,488,496,510,523,526
556=76,92,104,156,164,182,207,213,216,218,219,237,241,263,332,398,412,447,496
557=14,15,70,76,89,91,92,104,156,157,164,182,201,207,213,216,218,237,249,263,317,332,397,398,404,421,444,468,479,496,522,523
558=14,15,63,70,76,89,91,92,104,156,157,164,182,201,207,213,216,218,237,249,263,317,332,397,398,404,416,421,444,468,479,496,522,523
559=46,70,91,92,104,156,157,164,182,188,207,213,216,218,237,240,241,249,259,263,269,280,317,337,339,371,374,398,411,444,447,479,490,496,510,514,525,526,555
560=46,63,70,91,92,104,156,157,164,168,182,188,207,213,216,218,237,240,241,249,259,263,269,280,317,337,339,371,374,398,411,416,444,447,479,490,496,510,514,525,526,555
561=19,58,63,76,86,92,94,104,113,115,138,148,156,164,168,182,207,213,216,218,219,237,240,244,247,263,332,347,365,412,430,433,451,473,477,479,496
562=92,94,104,138,148,156,164,168,182,207,213,216,218,219,237,240,244,247,261,263,347,371,373,412,433,477,496
563=63,92,94,104,138,148,156,164,168,182,207,213,216,218,219,237,240,244,247,261,263,347,371,373,412,416,433,447,477,496
564=57,58,59,70,89,91,92,104,127,156,157,164,182,201,207,213,216,218,237,240,249,263,291,317,397,444,479,496,503,523
565=57,58,59,63,70,89,91,92,104,127,156,157,164,182,201,207,213,216,218,237,240,249,263,291,317,397,411,416,444,479,496,503,523
566=15,46,89,91,92,104,156,157,164,182,201,207,213,216,218,237,249,259,263,269,317,332,337,365,369,397,421,444,468,479,496,512,523
567=15,19,46,63,89,91,92,104,156,157,164,182,201,207,213,216,218,237,249,259,263,269,317,332,337,365,369,397,411,416,421,444,468,479,496,512,523,525
568=92,104,153,156,164,168,182,188,207,213,216,218,237,240,241,263,371,474,482,496
569=63,76,85,92,94,104,153,156,164,168,182,188,207,213,216,218,237,240,241,263,371,374,397,411,416,474,479,482,496
570=14,15,46,91,92,104,156,164,168,182,207,213,216,218,237,240,241,244,247,259,263,269,332,347,369,371,373,374,447,468,496,510,514,555
571=14,15,46,53,63,91,92,104,156,164,168,182,207,213,216,218,237,240,241,244,247,249,259,263,269,332,347,369,371,373,374,411,416,421,447,468,490,496,510,514,555
572=85,86,91,92,104,156,164,168,182,207,213,216,218,219,237,240,241,263,347,369,374,447,496,497,514,526
573=63,85,86,87,91,92,104,113,156,164,168,182,207,213,216,218,219,237,240,241,263,347,369,374,411,416,447,496,497,514,526
574=85,86,92,94,104,113,115,138,148,156,157,164,168,182,207,213,216,218,219,237,240,244,247,259,263,269,317,347,371,373,374,412,433,447,451,473,477,496
575=85,86,92,94,104,113,115,138,148,156,157,164,168,182,207,213,216,218,219,237,240,244,247,259,263,269,317,347,371,373,374,412,433,447,451,473,477,496
576=63,85,86,92,94,104,113,115,138,148,156,157,164,168,182,207,213,216,218,219,237,240,244,247,259,263,269,280,317,347,371,373,374,412,416,433,447,451,473,477,490,496
577=86,87,92,94,104,113,115,138,148,153,156,157,164,182,207,213,216,218,219,237,240,244,247,263,317,347,360,373,412,430,433,473,477,496
578=86,87,92,94,104,113,115,138,148,153,156,157,164,182,207,213,216,218,219,237,240,244,247,263,317,347,360,373,412,430,433,473,477,496
579=63,70,86,87,92,94,104,113,115,138,148,153,156,157,164,182,207,213,216,218,219,237,240,244,247,249,263,317,347,360,373,374,411,412,416,430,433,447,473,477,496
580=19,57,58,92,104,156,164,182,207,213,216,218,237,240,258,263,291,332,365,496,503
581=19,57,58,63,92,104,156,164,182,207,213,216,218,237,240,258,263,291,332,365,416,496,503
582=58,59,92,104,113,153,156,164,182,207,213,216,218,237,240,258,263,269,430,496,524
583=58,59,92,104,113,153,156,164,182,207,213,216,218,237,240,258,263,269,430,496,524
584=58,59,63,92,104,113,153,156,164,182,207,213,216,218,237,240,258,263,269,416,430,496,524
585=76,86,92,104,113,148,156,164,182,207,213,216,218,219,237,240,241,247,263,412,447,496,497,514,526,528
586=14,15,63,76,86,92,104,113,148,156,164,182,207,213,216,218,219,237,240,241,247,249,263,412,416,447,496,497,514,526,528
587=15,85,86,87,92,104,113,148,156,164,182,207,213,216,218,237,240,263,269,332,369,374,451,496,512,521,528
588=14,15,92,104,156,164,182,206,207,213,216,218,237,240,263,332,398,404,412,496,522
589=14,15,63,92,104,156,164,182,206,207,213,216,218,237,240,249,263,332,398,404,411,412,416,496,522
590=76,92,104,148,156,164,182,188,207,213,216,218,237,240,241,263,371,412,447,474,496
591=63,76,92,104,148,156,164,182,188,207,213,216,218,237,240,241,263,371,412,416,447,474,496
592=57,58,59,92,94,104,127,138,148,156,164,182,188,207,213,216,218,219,237,240,244,247,258,261,263,269,291,412,433,482,496,503
593=57,58,59,63,92,94,104,127,138,148,156,164,182,188,207,213,216,218,219,237,240,244,247,258,261,263,269,291,412,416,433,482,496,503
594=57,58,59,92,94,104,113,127,156,164,182,207,213,216,218,219,237,240,244,247,258,263,291,347,496,503
595=15,85,86,92,104,113,148,156,164,168,182,207,213,216,218,237,240,263,398,404,412,451,496,521,522,528
596=15,63,85,86,87,92,104,113,148,156,164,168,182,207,213,216,218,237,240,263,398,404,412,416,451,496,521,522,528
597=76,85,86,92,104,148,153,156,164,182,207,216,218,237,241,249,263,360,371,397,398,412,430,468,496
598=14,15,63,70,76,85,86,87,92,104,148,153,156,164,182,201,207,216,218,237,241,249,263,332,360,371,397,398,412,416,421,430,447,468,496,523
599=63,85,86,92,104,156,164,182,201,207,216,218,237,249,263,397,430,451,496,521,528
600=63,85,86,92,104,156,164,182,201,207,216,218,237,249,263,397,430,451,496,521,528
601=63,85,86,87,92,104,156,164,182,201,207,216,218,237,249,263,397,416,430,433,451,496,521,528
603=85,86,87,92,104,113,148,156,164,182,207,213,216,218,237,240,263,369,430,451,496,512,521,528
604=15,46,53,63,70,85,86,87,92,104,113,148,156,157,164,182,207,213,216,218,237,240,249,263,280,317,337,369,416,430,447,451,468,496,512,521,525,528
605=85,86,92,94,104,113,115,138,148,156,157,164,168,182,207,213,216,218,219,237,240,244,247,263,317,347,373,412,433,451,473,477,496,497,502
606=63,85,86,92,94,104,113,115,138,148,156,157,164,168,182,207,213,216,218,219,237,240,244,247,263,317,347,373,412,416,433,451,473,477,496,497,502
607=53,76,92,94,104,126,138,148,156,164,168,182,207,213,216,218,219,237,241,244,247,261,263,269,315,347,371,373,412,433,477,488,496,510
608=53,76,92,94,104,126,138,148,156,164,168,182,207,213,216,218,219,237,241,244,247,261,263,269,315,347,371,373,412,433,477,488,496,510
609=53,63,76,92,94,104,126,138,148,156,164,168,182,207,213,216,218,219,237,241,244,247,261,263,269,315,347,371,373,412,416,433,477,488,496,510
610=14,15,46,70,91,92,104,156,164,182,206,207,213,216,218,237,240,241,249,263,269,317,332,337,371,374,398,404,416,468,496,510
611=14,15,46,70,91,92,104,156,164,182,206,207,213,216,218,237,240,241,249,263,269,317,332,337,371,374,398,404,416,421,468,496,510,525
612=14,15,46,57,63,70,89,91,92,104,156,157,164,182,206,207,213,216,218,237,240,241,249,263,269,280,317,332,337,371,374,398,404,411,416,421,447,468,496,510,523,525
613=15,57,58,59,70,91,92,104,156,164,182,207,213,216,218,237,240,249,258,263,317,332,374,421,447,468,496,497,524
614=14,15,46,57,58,59,63,70,91,92,104,156,157,164,182,207,213,216,218,237,240,249,258,263,269,280,291,317,332,339,374,411,416,421,444,447,468,496,497,523,524
615=58,59,63,76,92,104,113,115,153,156,164,182,207,213,216,218,237,240,258,263,398,430,496,512,524
616=92,104,156,164,182,188,207,213,216,218,237,240,263,412,474,496,522
617=63,92,104,156,164,182,188,201,207,213,216,218,237,240,263,369,411,412,416,474,496,522
618=57,85,86,87,89,91,92,104,148,156,157,164,182,188,201,207,213,216,218,237,240,263,317,371,444,482,496,503,523
619=14,70,91,92,104,115,156,157,164,182,207,213,216,218,237,240,241,244,249,263,269,280,317,332,339,347,369,371,374,398,411,444,447,490,496,512,514,526
620=14,63,70,91,92,104,115,156,157,164,182,207,213,216,218,237,240,241,244,249,263,269,280,317,332,339,347,369,371,374,398,411,416,444,447,490,496,512,514,526
621=15,46,53,57,63,70,89,91,92,104,156,157,164,182,188,207,213,216,218,237,240,241,249,259,263,269,317,332,337,371,374,411,416,421,430,451,468,479,496,510,514,523,525,555
622=58,70,89,92,94,104,148,156,157,164,168,182,207,216,218,219,237,240,247,249,263,280,317,360,374,397,411,447,477,490,496,523
623=19,58,63,70,76,85,89,92,94,104,148,156,157,164,168,182,207,216,218,219,237,240,247,249,263,280,317,360,374,397,411,416,430,444,447,451,477,490,496,523
624=14,15,86,91,92,104,156,164,168,182,201,206,207,213,216,218,237,240,249,259,263,269,280,317,332,371,373,374,397,398,404,421,447,468,490,496,514,555
625=14,15,63,86,91,92,104,156,164,168,182,201,206,207,213,216,218,237,240,249,259,263,269,280,317,332,371,373,374,397,398,404,411,416,421,444,447,468,490,496,514,555
626=14,15,57,70,89,92,104,156,157,164,182,207,213,216,218,237,240,241,249,263,269,317,332,371,398,416,444,496,514,523,526,528
627=15,19,70,92,104,156,157,164,182,207,213,216,218,237,240,241,249,263,317,332,339,365,369,421,468,496,507,514,526
628=15,19,63,70,92,104,156,157,164,182,207,213,216,218,237,240,241,249,263,317,332,339,365,369,416,421,468,496,507,514,526
629=15,19,92,104,156,164,168,182,207,213,216,218,237,240,241,244,247,249,259,263,269,317,332,365,369,371,373,496,510,514,555
630=15,19,63,92,104,156,164,168,182,207,213,216,218,237,240,241,244,247,249,259,263,269,317,332,365,369,371,373,416,496,510,514,555
631=15,53,76,91,92,104,126,156,164,168,182,207,213,216,218,237,240,241,249,261,263,269,317,332,374,411,416,421,468,496,510
632=15,70,86,91,92,104,156,157,164,182,201,207,213,216,218,237,249,263,317,332,397,404,412,416,421,430,444,468,496,514,522
633=46,70,86,92,104,156,164,168,182,207,213,216,218,237,240,241,244,249,259,263,269,496,510,525,526
634=46,70,86,92,104,156,164,168,182,207,213,216,218,237,240,241,244,249,259,263,269,496,510,525,526
635=19,46,53,57,63,70,86,89,92,104,115,126,156,157,164,168,182,207,213,216,218,237,240,241,244,249,259,263,269,317,369,371,411,416,430,444,451,496,497,510,512,523,525,526
636=53,76,92,94,104,113,126,156,164,182,207,216,218,219,237,241,261,263,315,347,369,488,496,510,512,522,528
637=19,53,63,76,92,94,104,113,126,156,164,182,207,216,218,219,237,241,261,263,315,332,347,369,398,416,488,496,510,512,522,528
638=14,15,46,63,70,86,92,104,115,156,164,182,201,206,207,216,218,219,237,244,249,263,269,332,347,397,398,404,411,416,430,444,468,496,514,521,526
639=14,15,46,63,70,89,92,104,115,156,157,164,182,201,206,207,216,218,219,237,244,249,263,269,317,332,347,397,398,404,411,416,444,479,496,514,523,526
640=14,15,46,63,70,76,92,104,113,115,148,156,164,182,206,207,216,218,219,237,241,244,249,263,269,332,347,404,411,412,416,444,447,496,514,526
641=19,63,70,92,94,104,156,164,168,182,188,207,213,216,218,237,240,249,259,263,269,280,332,339,369,371,373,374,411,416,447,479,482,496,507,510,512
642=19,63,70,85,86,87,92,94,104,156,164,168,182,188,207,213,216,218,237,240,249,259,263,269,280,339,369,371,373,374,411,416,430,447,451,479,482,496,507,510,521,528
643=15,19,53,63,70,76,92,94,104,113,115,126,156,157,164,182,207,216,218,219,237,241,247,249,261,263,315,317,337,371,374,411,416,421,444,468,488,496,497,510,525
644=15,19,63,70,85,86,87,92,94,104,113,115,148,156,157,164,182,207,216,218,219,237,240,247,249,263,317,337,371,374,411,416,421,430,444,451,468,496,497,521,525,528
645=14,19,63,70,89,91,92,94,104,153,156,157,164,182,188,201,207,213,216,218,237,249,263,280,317,339,347,369,371,374,397,411,416,444,447,479,482,496,523
646=15,19,58,59,63,70,92,94,104,113,115,156,157,164,182,207,216,218,219,237,240,241,247,249,258,263,317,337,371,374,411,416,421,430,444,468,496,497,525
646=15,19,58,59,63,70,92,94,104,113,115,156,157,164,182,207,216,218,219,237,240,241,247,249,258,263,317,337,371,374,411,416,421,430,444,468,496,497,525
646=15,19,58,59,63,70,92,94,104,113,115,156,157,164,182,207,216,218,219,237,240,241,247,249,258,263,317,337,371,374,411,416,421,430,444,468,496,497,525
647=14,15,46,57,63,70,92,104,115,156,164,182,206,207,216,218,219,237,240,244,249,258,263,269,332,347,398,404,411,416,444,496,503,514,526
648=63,70,85,86,87,92,94,104,113,138,148,156,164,182,207,216,218,219,237,240,241,244,247,249,263,280,347,369,371,373,374,411,412,416,421,433,444,447,451,468,473,477,490,496,497,512,514,526
649=19,53,58,59,63,76,85,86,87,92,94,104,113,115,148,153,156,164,182,207,216,218,237,263,332,369,397,404,412,416,421,430,451,468,488,496,522